# T[s],q2
-38.084,0.00209623
-38.076,0.00209987
-38.065,0.00210331
-38.056,0.00210939
-38.046,0.00211097
-38.035,0.00210243
-38.025,0.00210713
-38.015,0.00210878
-38.004,0.00211500
-37.996,0.00211160
-37.986,0.00211356
-37.976,0.00211116
-37.965,0.00211016
-37.956,0.00210802
-37.945,0.00210717
-37.936,0.00211122
-37.925,0.00211772
-37.915,0.00211460
-37.905,0.00211285
-37.896,0.00211639
-37.886,0.00211474
-37.874,0.00211526
-37.865,0.00211827
-37.855,0.00212224
-37.846,0.00211934
-37.835,0.00212456
-37.826,0.00211823
-37.816,0.00211261
-37.805,0.00211507
-37.795,0.00211469
-37.785,0.00211737
-37.775,0.00211892
-37.765,0.00211831
-37.755,0.00212297
-37.746,0.00212220
-37.736,0.00212137
-37.726,0.00212315
-37.716,0.00212317
-37.706,0.00212079
-37.695,0.00211894
-37.685,0.00212171
-37.675,0.00212303
-37.664,0.00212223
-37.650,0.00212383
-37.642,0.00212605
-37.635,0.00212502
-37.626,0.00212411
-37.615,0.00211458
-37.605,0.00211714
-37.595,0.00211482
-37.585,0.00211792
-37.575,0.00212356
-37.564,0.00212150
-37.554,0.00211649
-37.546,0.00212102
-37.536,0.00212449
-37.525,0.00211650
-37.516,0.00211659
-37.505,0.00211608
-37.495,0.00211550
-37.485,0.00212087
-37.474,0.00211997
-37.466,0.00211872
-37.456,0.00211194
-37.446,0.00211335
-37.436,0.00211379
-37.425,0.00211367
-37.415,0.00210752
-37.406,0.00210453
-37.395,0.00209793
-37.384,0.00209761
-37.376,0.00210154
-37.365,0.00210559
-37.355,0.00210346
-37.345,0.00209788
-37.335,0.00209609
-37.326,0.00209178
-37.314,0.00208586
-37.306,0.00209324
-37.295,0.00209501
-37.285,0.00209291
-37.276,0.00209315
-37.265,0.00209369
-37.256,0.00209429
-37.245,0.00209211
-37.234,0.00209545
-37.224,0.00210079
-37.216,0.00210200
-37.206,0.00210968
-37.196,0.00211118
-37.186,0.00211277
-37.176,0.00210548
-37.165,0.00210756
-37.155,0.00210955
-37.146,0.00211300
-37.133,0.00211454
-37.120,0.00210918
-37.113,0.00211482
-37.106,0.00211397
-37.095,0.00211326
-37.086,0.00211633
-37.075,0.00211743
-37.065,0.00211592
-37.054,0.00211564
-37.046,0.00211511
-37.035,0.00212301
-37.025,0.00211788
-37.015,0.00211791
-37.006,0.00212390
-36.995,0.00212132
-36.985,0.00212523
-36.974,0.00212520
-36.965,0.00212630
-36.956,0.00212307
-36.946,0.00212536
-36.936,0.00212922
-36.926,0.00213068
-36.915,0.00212940
-36.905,0.00212862
-36.895,0.00213417
-36.882,0.00213250
-36.871,0.00213584
-36.863,0.00213399
-36.855,0.00213059
-36.846,0.00213032
-36.835,0.00213205
-36.826,0.00212962
-36.815,0.00213414
-36.805,0.00213309
-36.795,0.00213432
-36.786,0.00213404
-36.776,0.00213466
-36.766,0.00213230
-36.755,0.00213181
-36.746,0.00213320
-36.735,0.00213114
-36.724,0.00213092
-36.714,0.00213792
-36.701,0.00214125
-36.693,0.00213825
-36.684,0.00213691
-36.675,0.00213636
-36.666,0.00213513
-36.655,0.00213902
-36.645,0.00213906
-36.635,0.00213781
-36.626,0.00213508
-36.615,0.00214323
-36.606,0.00213860
-36.595,0.00213816
-36.585,0.00214004
-36.575,0.00213719
-36.565,0.00214274
-36.555,0.00215161
-36.545,0.00215144
-36.534,0.00215818
-36.526,0.00215531
-36.515,0.00215754
-36.506,0.00215598
-36.495,0.00215890
-36.486,0.00215956
-36.475,0.00216397
-36.466,0.00216455
-36.455,0.00216700
-36.444,0.00217326
-36.436,0.00217143
-36.426,0.00217312
-36.415,0.00217138
-36.406,0.00217735
-36.395,0.00217138
-36.385,0.00217138
-36.375,0.00216448
-36.366,0.00216179
-36.354,0.00215928
-36.346,0.00215317
-36.336,0.00214665
-36.326,0.00214980
-36.316,0.00215081
-36.305,0.00214359
-36.295,0.00214281
-36.285,0.00214016
-36.274,0.00214073
-36.264,0.00214619
-36.256,0.00214538
-36.245,0.00214868
-36.235,0.00215018
-36.225,0.00215431
-36.215,0.00214568
-36.206,0.00214257
-36.195,0.00214080
-36.185,0.00214309
-36.175,0.00214063
-36.166,0.00213373
-36.156,0.00213316
-36.145,0.00213572
-36.135,0.00213691
-36.125,0.00214090
-36.114,0.00214795
-36.106,0.00215097
-36.096,0.00215010
-36.085,0.00215577
-36.075,0.00215282
-36.065,0.00216153
-36.056,0.00216575
-36.045,0.00216593
-36.036,0.00217570
-36.024,0.00217478
-36.016,0.00217592
-36.006,0.00217801
-35.996,0.00217802
-35.986,0.00218096
-35.975,0.00218160
-35.966,0.00217233
-35.955,0.00217407
-35.944,0.00217590
-35.935,0.00217502
-35.926,0.00217081
-35.915,0.00217042
-35.905,0.00217217
-35.896,0.00217237
-35.886,0.00217298
-35.875,0.00217562
-35.865,0.00217796
-35.855,0.00217839
-35.844,0.00217569
-35.835,0.00217836
-35.826,0.00217451
-35.816,0.00217970
-35.806,0.00218026
-35.795,0.00218248
-35.785,0.00218225
-35.776,0.00218544
-35.766,0.00218420
-35.756,0.00218895
-35.745,0.00218099
-35.736,0.00217421
-35.725,0.00217739
-35.715,0.00217612
-35.705,0.00217344
-35.695,0.00217461
-35.684,0.00217541
-35.676,0.00217953
-35.666,0.00218286
-35.655,0.00218547
-35.646,0.00218100
-35.636,0.00218195
-35.626,0.00218569
-35.615,0.00218565
-35.605,0.00218416
-35.595,0.00217912
-35.584,0.00217484
-35.575,0.00217676
-35.565,0.00218065
-35.556,0.00218523
-35.545,0.00218431
-35.536,0.00218569
-35.525,0.00218228
-35.515,0.00218408
-35.506,0.00218485
-35.494,0.00217884
-35.486,0.00218311
-35.474,0.00218295
-35.466,0.00217923
-35.456,0.00218544
-35.445,0.00218481
-35.435,0.00219204
-35.424,0.00219154
-35.412,0.00218303
-35.400,0.00218340
-35.394,0.00217638
-35.386,0.00217443
-35.376,0.00217253
-35.365,0.00217011
-35.355,0.00216721
-35.346,0.00216636
-35.335,0.00217215
-35.324,0.00217298
-35.315,0.00217447
-35.306,0.00217650
-35.295,0.00217065
-35.285,0.00216643
-35.275,0.00216858
-35.265,0.00216881
-35.254,0.00216492
-35.246,0.00216594
-35.236,0.00216737
-35.226,0.00216754
-35.215,0.00216845
-35.206,0.00216589
-35.195,0.00215981
-35.185,0.00215870
-35.175,0.00215710
-35.165,0.00215651
-35.155,0.00215401
-35.146,0.00215151
-35.136,0.00215712
-35.125,0.00216032
-35.116,0.00215225
-35.105,0.00215054
-35.095,0.00214804
-35.086,0.00214987
-35.076,0.00215072
-35.066,0.00215426
-35.055,0.00216039
-35.046,0.00216057
-35.035,0.00215892
-35.025,0.00215933
-35.015,0.00215631
-35.005,0.00215392
-34.996,0.00215251
-34.986,0.00215036
-34.975,0.00215386
-34.965,0.00215977
-34.956,0.00215883
-34.946,0.00216383
-34.935,0.00216670
-34.925,0.00216663
-34.915,0.00216516
-34.906,0.00216505
-34.896,0.00215958
-34.885,0.00215633
-34.875,0.00215521
-34.866,0.00215529
-34.855,0.00215465
-34.846,0.00215301
-34.835,0.00215845
-34.825,0.00215814
-34.811,0.00215702
-34.800,0.00215336
-34.790,0.00215012
-34.786,0.00215270
-34.775,0.00215244
-34.765,0.00215540
-34.755,0.00216216
-34.745,0.00216344
-34.735,0.00216885
-34.726,0.00217457
-34.716,0.00217376
-34.705,0.00217365
-34.696,0.00217636
-34.686,0.00217789
-34.675,0.00217947
-34.665,0.00218234
-34.655,0.00217811
-34.645,0.00217313
-34.635,0.00217053
-34.626,0.00217466
-34.616,0.00217726
-34.606,0.00217387
-34.595,0.00217078
-34.585,0.00217121
-34.575,0.00217044
-34.564,0.00217308
-34.555,0.00216968
-34.546,0.00217197
-34.535,0.00217338
-34.526,0.00216907
-34.516,0.00217065
-34.503,0.00216420
-34.489,0.00216557
-34.484,0.00216228
-34.475,0.00216190
-34.465,0.00216205
-34.454,0.00216245
-34.446,0.00216984
-34.435,0.00217017
-34.425,0.00216801
-34.415,0.00216657
-34.406,0.00216226
-34.396,0.00216911
-34.386,0.00216198
-34.374,0.00216542
-34.365,0.00216516
-34.356,0.00216494
-34.346,0.00216430
-34.335,0.00216744
-34.325,0.00216824
-34.315,0.00217404
-34.306,0.00217314
-34.296,0.00217045
-34.286,0.00216712
-34.275,0.00216303
-34.266,0.00215920
-34.256,0.00215648
-34.246,0.00214965
-34.235,0.00215450
-34.226,0.00214933
-34.216,0.00215219
-34.204,0.00215460
-34.196,0.00215157
-34.186,0.00215487
-34.176,0.00215707
-34.166,0.00215341
-34.155,0.00215567
-34.145,0.00215168
-34.135,0.00215318
-34.123,0.00215312
-34.108,0.00215691
-34.102,0.00215562
-34.094,0.00215838
-34.086,0.00215899
-34.076,0.00215244
-34.065,0.00215168
-34.055,0.00215442
-34.046,0.00215080
-34.035,0.00215239
-34.025,0.00215308
-34.015,0.00215092
-34.005,0.00215096
-33.995,0.00214557
-33.985,0.00213888
-33.975,0.00214333
-33.965,0.00214336
-33.955,0.00214315
-33.946,0.00214973
-33.936,0.00215244
-33.926,0.00214999
-33.914,0.00215046
-33.903,0.00215194
-33.889,0.00215033
-33.884,0.00215020
-33.874,0.00214937
-33.866,0.00214913
-33.854,0.00214871
-33.846,0.00215136
-33.836,0.00215079
-33.826,0.00215215
-33.815,0.00214918
-33.805,0.00214583
-33.795,0.00215321
-33.785,0.00215600
-33.774,0.00214756
-33.762,0.00214781
-33.755,0.00215531
-33.745,0.00215796
-33.736,0.00215707
-33.725,0.00216495
-33.715,0.00216539
-33.705,0.00216944
-33.695,0.00217134
-33.685,0.00216689
-33.676,0.00216944
-33.666,0.00217359
-33.655,0.00217775
-33.641,0.00217987
-33.631,0.00218618
-33.624,0.00218291
-33.615,0.00217468
-33.606,0.00218115
-33.596,0.00218064
-33.586,0.00217691
-33.576,0.00217185
-33.566,0.00217159
-33.555,0.00217180
-33.545,0.00217410
-33.535,0.00217539
-33.526,0.00217929
-33.516,0.00217334
-33.505,0.00217554
-33.496,0.00217381
-33.486,0.00217265
-33.476,0.00217287
-33.465,0.00217471
-33.455,0.00217415
-33.445,0.00217940
-33.434,0.00217940
-33.424,0.00217802
-33.416,0.00217830
-33.405,0.00217741
-33.396,0.00217563
-33.385,0.00217475
-33.375,0.00217315
-33.365,0.00216458
-33.356,0.00216292
-33.344,0.00216960
-33.336,0.00217338
-33.326,0.00217054
-33.315,0.00216546
-33.306,0.00217066
-33.295,0.00217253
-33.286,0.00217059
-33.276,0.00217345
-33.266,0.00217297
-33.256,0.00217119
-33.246,0.00217183
-33.235,0.00216780
-33.226,0.00216986
-33.215,0.00217001
-33.205,0.00217353
-33.195,0.00217113
-33.186,0.00216547
-33.176,0.00216803
-33.164,0.00216725
-33.156,0.00216790
-33.146,0.00216655
-33.135,0.00216451
-33.126,0.00215909
-33.115,0.00216072
-33.105,0.00216332
-33.094,0.00216500
-33.085,0.00215764
-33.076,0.00215005
-33.066,0.00214715
-33.055,0.00214689
-33.046,0.00214308
-33.035,0.00214633
-33.026,0.00214131
-33.014,0.00213863
-33.006,0.00213380
-32.994,0.00213554
-32.986,0.00214286
-32.976,0.00214846
-32.965,0.00214871
-32.955,0.00214750
-32.945,0.00214394
-32.935,0.00214626
-32.926,0.00214798
-32.916,0.00214861
-32.906,0.00215040
-32.896,0.00215496
-32.885,0.00216131
-32.874,0.00216190
-32.866,0.00216189
-32.855,0.00215980
-32.845,0.00215881
-32.834,0.00215738
-32.826,0.00215671
-32.816,0.00215980
-32.806,0.00216447
-32.795,0.00216514
-32.785,0.00216338
-32.775,0.00216560
-32.765,0.00216249
-32.756,0.00216414
-32.746,0.00216176
-32.736,0.00216660
-32.726,0.00216767
-32.716,0.00216777
-32.706,0.00216758
-32.695,0.00216867
-32.685,0.00216506
-32.675,0.00216765
-32.664,0.00217340
-32.655,0.00217042
-32.644,0.00217322
-32.636,0.00217716
-32.625,0.00217942
-32.616,0.00217485
-32.605,0.00217780
-32.595,0.00218378
-32.585,0.00218231
-32.575,0.00218080
-32.565,0.00218278
-32.555,0.00218085
-32.546,0.00218499
-32.536,0.00218630
-32.526,0.00218804
-32.515,0.00218398
-32.505,0.00217933
-32.495,0.00217948
-32.486,0.00217697
-32.475,0.00218244
-32.465,0.00218269
-32.455,0.00217703
-32.446,0.00217477
-32.435,0.00217173
-32.425,0.00217261
-32.414,0.00216886
-32.406,0.00217016
-32.395,0.00216617
-32.384,0.00217080
-32.376,0.00216869
-32.365,0.00216898
-32.355,0.00217093
-32.345,0.00217756
-32.335,0.00217665
-32.325,0.00217397
-32.315,0.00217121
-32.306,0.00217776
-32.295,0.00217757
-32.286,0.00217533
-32.275,0.00218208
-32.265,0.00218213
-32.255,0.00218036
-32.244,0.00217866
-32.236,0.00217619
-32.226,0.00217725
-32.216,0.00216480
-32.206,0.00215596
-32.196,0.00215806
-32.185,0.00216057
-32.176,0.00215362
-32.165,0.00215012
-32.155,0.00215532
-32.146,0.00214956
-32.134,0.00214708
-32.126,0.00214194
-32.114,0.00214137
-32.106,0.00214216
-32.095,0.00213980
-32.085,0.00213750
-32.074,0.00213914
-32.066,0.00213853
-32.056,0.00214041
-32.045,0.00213514
-32.035,0.00213683
-32.025,0.00213972
-32.016,0.00213884
-32.005,0.00213930
-31.995,0.00214059
-31.984,0.00213759
-31.976,0.00213818
-31.964,0.00214052
-31.956,0.00214647
-31.945,0.00214912
-31.935,0.00215280
-31.925,0.00215273
-31.915,0.00215659
-31.905,0.00215302
-31.895,0.00215735
-31.886,0.00215661
-31.876,0.00215631
-31.866,0.00215815
-31.855,0.00216450
-31.846,0.00216051
-31.836,0.00216117
-31.825,0.00217000
-31.815,0.00216971
-31.804,0.00217024
-31.795,0.00216887
-31.786,0.00216854
-31.776,0.00217514
-31.765,0.00217549
-31.756,0.00216546
-31.746,0.00215685
-31.735,0.00215720
-31.724,0.00216332
-31.715,0.00216134
-31.706,0.00216173
-31.695,0.00216243
-31.686,0.00216695
-31.676,0.00217180
-31.666,0.00216916
-31.655,0.00216875
-31.646,0.00216657
-31.635,0.00216817
-31.626,0.00216641
-31.614,0.00216706
-31.605,0.00217063
-31.596,0.00217403
-31.585,0.00217075
-31.575,0.00216931
-31.565,0.00217471
-31.555,0.00218128
-31.546,0.00218296
-31.534,0.00217724
-31.522,0.00217822
-31.512,0.00218047
-31.506,0.00217809
-31.495,0.00217855
-31.485,0.00217758
-31.475,0.00218077
-31.464,0.00218629
-31.456,0.00218939
-31.446,0.00219070
-31.436,0.00218996
-31.426,0.00218830
-31.416,0.00219538
-31.406,0.00220205
-31.395,0.00219854
-31.386,0.00220361
-31.375,0.00220399
-31.364,0.00220338
-31.356,0.00220768
-31.346,0.00221161
-31.335,0.00221393
-31.326,0.00221679
-31.316,0.00221807
-31.306,0.00221919
-31.295,0.00222160
-31.286,0.00222169
-31.276,0.00222041
-31.266,0.00222149
-31.255,0.00222428
-31.245,0.00222396
-31.236,0.00222686
-31.225,0.00221862
-31.215,0.00221552
-31.206,0.00221024
-31.194,0.00221188
-31.184,0.00220985
-31.176,0.00220517
-31.165,0.00220668
-31.155,0.00221191
-31.145,0.00221376
-31.135,0.00221676
-31.126,0.00221468
-31.116,0.00220572
-31.106,0.00220424
-31.095,0.00220903
-31.086,0.00221008
-31.076,0.00221285
-31.065,0.00221597
-31.055,0.00221278
-31.046,0.00220858
-31.034,0.00220313
-31.026,0.00220054
-31.016,0.00219508
-31.006,0.00219621
-30.996,0.00219165
-30.986,0.00219585
-30.975,0.00219815
-30.965,0.00219637
-30.955,0.00220218
-30.945,0.00219987
-30.935,0.00219301
-30.926,0.00219366
-30.916,0.00219464
-30.906,0.00219591
-30.895,0.00219590
-30.886,0.00219388
-30.875,0.00218999
-30.865,0.00218790
-30.855,0.00218825
-30.846,0.00219169
-30.834,0.00219222
-30.826,0.00219099
-30.815,0.00218961
-30.805,0.00219040
-30.795,0.00218270
-30.785,0.00218621
-30.774,0.00218505
-30.766,0.00218798
-30.755,0.00218813
-30.746,0.00218267
-30.735,0.00218608
-30.725,0.00218202
-30.715,0.00218360
-30.705,0.00218021
-30.694,0.00218260
-30.686,0.00218112
-30.676,0.00217788
-30.666,0.00218183
-30.655,0.00218606
-30.645,0.00218521
-30.636,0.00218655
-30.625,0.00218761
-30.615,0.00218731
-30.606,0.00219306
-30.594,0.00219106
-30.585,0.00219476
-30.576,0.00219851
-30.566,0.00219522
-30.556,0.00219012
-30.546,0.00219003
-30.531,0.00218497
-30.520,0.00218775
-30.511,0.00218579
-30.505,0.00218765
-30.495,0.00219005
-30.484,0.00218986
-30.476,0.00219402
-30.465,0.00219696
-30.456,0.00220099
-30.446,0.00220068
-30.435,0.00220536
-30.426,0.00220133
-30.414,0.00220416
-30.406,0.00220578
-30.396,0.00220475
-30.385,0.00220382
-30.375,0.00220643
-30.365,0.00220792
-30.355,0.00220502
-30.346,0.00221002
-30.336,0.00221784
-30.326,0.00222006
-30.316,0.00221622
-30.306,0.00221380
-30.295,0.00221799
-30.285,0.00221338
-30.275,0.00220926
-30.264,0.00220441
-30.256,0.00220392
-30.244,0.00220405
-30.234,0.00221194
-30.226,0.00221499
-30.216,0.00221580
-30.206,0.00221876
-30.195,0.00221959
-30.185,0.00221280
-30.175,0.00220582
-30.165,0.00220727
-30.156,0.00221086
-30.146,0.00220748
-30.136,0.00220950
-30.125,0.00221430
-30.116,0.00221363
-30.105,0.00220852
-30.095,0.00221135
-30.086,0.00221571
-30.075,0.00221168
-30.066,0.00221775
-30.056,0.00221789
-30.045,0.00221524
-30.035,0.00220977
-30.026,0.00221293
-30.015,0.00221803
-30.006,0.00222117
-29.995,0.00221873
-29.986,0.00221572
-29.976,0.00221565
-29.966,0.00221808
-29.955,0.00221290
-29.945,0.00220685
-29.935,0.00220847
-29.925,0.00220638
-29.916,0.00220562
-29.903,0.00220679
-29.891,0.00221142
-29.881,0.00221041
-29.876,0.00221295
-29.865,0.00221472
-29.856,0.00221075
-29.846,0.00221055
-29.835,0.00221093
-29.824,0.00221020
-29.815,0.00220758
-29.806,0.00220721
-29.796,0.00221078
-29.786,0.00221358
-29.774,0.00221772
-29.765,0.00221935
-29.755,0.00221857
-29.745,0.00222083
-29.734,0.00222042
-29.722,0.00222072
-29.712,0.00222226
-29.706,0.00223346
-29.695,0.00223307
-29.685,0.00223163
-29.675,0.00222955
-29.665,0.00223400
-29.656,0.00224318
-29.646,0.00224088
-29.634,0.00223812
-29.625,0.00223276
-29.616,0.00223708
-29.605,0.00223849
-29.595,0.00223210
-29.585,0.00223009
-29.576,0.00222806
-29.564,0.00222736
-29.556,0.00223820
-29.546,0.00223721
-29.535,0.00224072
-29.523,0.00223381
-29.510,0.00222994
-29.501,0.00223100
-29.494,0.00222999
-29.485,0.00223698
-29.475,0.00224095
-29.466,0.00223719
-29.455,0.00224177
-29.446,0.00224177
-29.436,0.00224690
-29.425,0.00224240
-29.415,0.00224356
-29.405,0.00224147
-29.395,0.00224000
-29.386,0.00224213
-29.376,0.00224156
-29.366,0.00223287
-29.355,0.00223255
-29.346,0.00223499
-29.336,0.00223497
-29.325,0.00223418
-29.314,0.00223749
-29.306,0.00223268
-29.294,0.00223330
-29.286,0.00223735
-29.276,0.00224003
-29.265,0.00223253
-29.255,0.00223573
-29.245,0.00223314
-29.235,0.00223517
-29.226,0.00223187
-29.215,0.00223387
-29.204,0.00223513
-29.195,0.00223292
-29.186,0.00223260
-29.175,0.00223106
-29.166,0.00223560
-29.155,0.00222961
-29.146,0.00222689
-29.135,0.00223128
-29.125,0.00223588
-29.116,0.00223947
-29.106,0.00224134
-29.096,0.00223850
-29.086,0.00224001
-29.075,0.00223996
-29.066,0.00224108
-29.055,0.00223891
-29.046,0.00224028
-29.036,0.00224218
-29.026,0.00224402
-29.016,0.00224633
-29.005,0.00225271
-28.995,0.00224549
-28.985,0.00223662
-28.975,0.00224427
-28.966,0.00224591
-28.956,0.00224663
-28.946,0.00224421
-28.936,0.00224847
-28.926,0.00224527
-28.915,0.00224599
-28.906,0.00224835
-28.895,0.00224419
-28.885,0.00224429
-28.874,0.00224311
-28.866,0.00224408
-28.856,0.00224273
-28.845,0.00223659
-28.836,0.00223388
-28.826,0.00223932
-28.815,0.00224339
-28.805,0.00224358
-28.794,0.00224381
-28.778,0.00223762
-28.773,0.00223004
-28.764,0.00223180
-28.756,0.00223011
-28.745,0.00223013
-28.735,0.00223534
-28.725,0.00223281
-28.714,0.00223478
-28.706,0.00224084
-28.695,0.00224788
-28.686,0.00224741
-28.675,0.00225263
-28.665,0.00224929
-28.655,0.00224005
-28.646,0.00224481
-28.635,0.00224724
-28.625,0.00225054
-28.615,0.00224463
-28.606,0.00224168
-28.596,0.00223976
-28.586,0.00223746
-28.575,0.00223723
-28.565,0.00223733
-28.555,0.00224028
-28.545,0.00224475
-28.535,0.00224396
-28.526,0.00223775
-28.515,0.00224209
-28.505,0.00223808
-28.491,0.00223643
-28.479,0.00223441
-28.475,0.00224034
-28.465,0.00223162
-28.455,0.00223376
-28.445,0.00223778
-28.432,0.00223298
-28.422,0.00223284
-28.414,0.00223176
-28.406,0.00222908
-28.396,0.00222744
-28.385,0.00222559
-28.375,0.00222354
-28.365,0.00221886
-28.356,0.00221663
-28.345,0.00221171
-28.336,0.00220906
-28.326,0.00220971
-28.316,0.00221105
-28.306,0.00221905
-28.295,0.00221945
-28.285,0.00222012
-28.276,0.00222191
-28.266,0.00222000
-28.256,0.00221564
-28.246,0.00221879
-28.235,0.00222242
-28.225,0.00222898
-28.215,0.00222379
-28.205,0.00221804
-28.196,0.00222012
-28.186,0.00222273
-28.175,0.00222358
-28.166,0.00222398
-28.156,0.00222291
-28.146,0.00222396
-28.136,0.00222216
-28.125,0.00221954
-28.115,0.00222196
-28.104,0.00222156
-28.096,0.00222419
-28.086,0.00221765
-28.076,0.00221735
-28.066,0.00221516
-28.054,0.00221333
-28.046,0.00221034
-28.035,0.00221165
-28.026,0.00221243
-28.016,0.00220868
-28.006,0.00221218
-27.994,0.00221207
-27.986,0.00221784
-27.976,0.00221796
-27.965,0.00221675
-27.955,0.00221626
-27.945,0.00221186
-27.935,0.00220851
-27.925,0.00221020
-27.915,0.00220752
-27.906,0.00220853
-27.895,0.00220491
-27.885,0.00221118
-27.876,0.00221249
-27.865,0.00221186
-27.855,0.00221315
-27.844,0.00221295
-27.827,0.00220976
-27.817,0.00221132
-27.811,0.00220887
-27.806,0.00220801
-27.795,0.00221143
-27.785,0.00221171
-27.775,0.00220824
-27.765,0.00221262
-27.755,0.00220715
-27.745,0.00220749
-27.736,0.00220716
-27.726,0.00220678
-27.716,0.00220714
-27.706,0.00221772
-27.695,0.00221768
-27.685,0.00221970
-27.675,0.00221389
-27.664,0.00221194
-27.655,0.00221866
-27.645,0.00222060
-27.636,0.00222160
-27.625,0.00222165
-27.615,0.00222602
-27.605,0.00222541
-27.595,0.00222532
-27.583,0.00222635
-27.571,0.00222087
-27.562,0.00222317
-27.555,0.00221474
-27.546,0.00221550
-27.535,0.00222101
-27.525,0.00222681
-27.515,0.00222864
-27.506,0.00222569
-27.495,0.00222871
-27.485,0.00223285
-27.476,0.00223376
-27.465,0.00223561
-27.451,0.00224113
-27.441,0.00224008
-27.432,0.00223684
-27.424,0.00223681
-27.415,0.00224101
-27.406,0.00224114
-27.396,0.00224190
-27.386,0.00224277
-27.376,0.00223491
-27.365,0.00222823
-27.356,0.00222765
-27.345,0.00222657
-27.334,0.00222707
-27.326,0.00222508
-27.316,0.00222572
-27.306,0.00222533
-27.296,0.00223007
-27.286,0.00222280
-27.276,0.00222409
-27.265,0.00222650
-27.255,0.00223570
-27.244,0.00223886
-27.235,0.00223940
-27.225,0.00224641
-27.216,0.00224269
-27.206,0.00224875
-27.195,0.00225209
-27.186,0.00224914
-27.175,0.00224403
-27.165,0.00224208
-27.156,0.00223521
-27.144,0.00223718
-27.136,0.00223567
-27.126,0.00223458
-27.115,0.00223756
-27.105,0.00223498
-27.097,0.00223278
-27.085,0.00223062
-27.076,0.00223047
-27.066,0.00222964
-27.056,0.00222816
-27.045,0.00222783
-27.036,0.00222775
-27.025,0.00222222
-27.015,0.00222241
-27.005,0.00222066
-26.995,0.00222096
-26.986,0.00222386
-26.974,0.00222363
-26.965,0.00222354
-26.956,0.00222028
-26.946,0.00222545
-26.936,0.00222145
-26.926,0.00221897
-26.915,0.00222001
-26.905,0.00221746
-26.895,0.00221974
-26.886,0.00221706
-26.876,0.00221479
-26.866,0.00221057
-26.856,0.00221315
-26.846,0.00221732
-26.835,0.00221259
-26.825,0.00221426
-26.816,0.00222195
-26.804,0.00222118
-26.796,0.00222366
-26.786,0.00222989
-26.775,0.00223082
-26.761,0.00222824
-26.749,0.00223100
-26.744,0.00223282
-26.735,0.00222796
-26.726,0.00223774
-26.716,0.00224443
-26.704,0.00225229
-26.696,0.00225214
-26.686,0.00225031
-26.676,0.00225379
-26.661,0.00225440
-26.650,0.00225026
-26.644,0.00224990
-26.634,0.00225242
-26.626,0.00225281
-26.615,0.00225572
-26.606,0.00225706
-26.596,0.00225191
-26.586,0.00225392
-26.575,0.00225306
-26.566,0.00225036
-26.555,0.00224866
-26.546,0.00225698
-26.536,0.00225306
-26.526,0.00225342
-26.515,0.00225096
-26.506,0.00224693
-26.497,0.00224468
-26.486,0.00224329
-26.475,0.00224331
-26.466,0.00224732
-26.455,0.00224605
-26.446,0.00224363
-26.436,0.00224270
-26.425,0.00223815
-26.415,0.00224190
-26.405,0.00223863
-26.395,0.00224137
-26.386,0.00224123
-26.376,0.00224071
-26.366,0.00224027
-26.356,0.00224704
-26.346,0.00225220
-26.336,0.00224550
-26.325,0.00224179
-26.315,0.00224526
-26.305,0.00224170
-26.296,0.00223525
-26.286,0.00223636
-26.275,0.00223117
-26.266,0.00223436
-26.256,0.00223560
-26.245,0.00223175
-26.236,0.00223196
-26.225,0.00223218
-26.215,0.00223583
-26.204,0.00223712
-26.194,0.00224355
-26.186,0.00224690
-26.175,0.00224180
-26.166,0.00224142
-26.155,0.00224559
-26.145,0.00225046
-26.135,0.00224854
-26.124,0.00225158
-26.115,0.00224797
-26.105,0.00225216
-26.095,0.00225265
-26.086,0.00224701
-26.075,0.00223958
-26.065,0.00223058
-26.055,0.00223364
-26.043,0.00223859
-26.031,0.00223637
-26.018,0.00223519
-26.010,0.00222821
-26.006,0.00222629
-25.996,0.00222794
-25.985,0.00223163
-25.975,0.00222659
-25.966,0.00222992
-25.955,0.00222938
-25.946,0.00222387
-25.935,0.00222452
-25.926,0.00221892
-25.916,0.00221738
-25.906,0.00221349
-25.895,0.00221179
-25.885,0.00221209
-25.872,0.00220749
-25.859,0.00220713
-25.851,0.00220557
-25.845,0.00220669
-25.834,0.00220710
-25.826,0.00220982
-25.815,0.00221484
-25.806,0.00220970
-25.795,0.00220618
-25.785,0.00220761
-25.774,0.00220209
-25.766,0.00220399
-25.756,0.00220598
-25.746,0.00220421
-25.736,0.00220144
-25.725,0.00221027
-25.715,0.00221241
-25.705,0.00221204
-25.696,0.00221854
-25.686,0.00221999
-25.676,0.00222523
-25.666,0.00222791
-25.655,0.00222758
-25.646,0.00223089
-25.635,0.00222962
-25.625,0.00222438
-25.615,0.00222599
-25.603,0.00222849
-25.591,0.00223040
-25.582,0.00222989
-25.576,0.00223003
-25.565,0.00223795
-25.555,0.00223839
-25.545,0.00223549
-25.535,0.00223203
-25.525,0.00223383
-25.516,0.00223135
-25.506,0.00223254
-25.496,0.00223717
-25.486,0.00223030
-25.475,0.00223563
-25.466,0.00223196
-25.455,0.00223032
-25.445,0.00223057
-25.434,0.00223288
-25.426,0.00223749
-25.416,0.00223989
-25.405,0.00224417
-25.396,0.00224143
-25.385,0.00224511
-25.376,0.00224653
-25.365,0.00224678
-25.355,0.00224861
-25.346,0.00225055
-25.336,0.00225581
-25.325,0.00225681
-25.316,0.00225825
-25.306,0.00226274
-25.295,0.00226783
-25.285,0.00227328
-25.275,0.00227820
-25.265,0.00228063
-25.256,0.00227740
-25.244,0.00227370
-25.235,0.00227212
-25.226,0.00227546
-25.215,0.00227035
-25.206,0.00226957
-25.195,0.00227176
-25.186,0.00227247
-25.175,0.00227103
-25.165,0.00227317
-25.155,0.00227395
-25.145,0.00227237
-25.136,0.00227124
-25.125,0.00227585
-25.115,0.00227067
-25.105,0.00226740
-25.095,0.00226553
-25.086,0.00226292
-25.076,0.00226454
-25.066,0.00226554
-25.056,0.00226526
-25.046,0.00226347
-25.035,0.00226488
-25.025,0.00226152
-25.015,0.00225710
-25.006,0.00225760
-24.996,0.00225826
-24.986,0.00226822
-24.976,0.00226307
-24.966,0.00225942
-24.956,0.00225444
-24.946,0.00225484
-24.935,0.00225670
-24.925,0.00225530
-24.914,0.00225259
-24.904,0.00225277
-24.896,0.00225160
-24.884,0.00225585
-24.875,0.00225462
-24.865,0.00225326
-24.855,0.00226029
-24.845,0.00225085
-24.835,0.00225516
-24.826,0.00225515
-24.816,0.00225011
-24.805,0.00224940
-24.795,0.00224974
-24.786,0.00224432
-24.775,0.00224551
-24.765,0.00223842
-24.754,0.00223580
-24.746,0.00223656
-24.734,0.00223241
-24.726,0.00222832
-24.716,0.00222718
-24.705,0.00222684
-24.696,0.00222192
-24.685,0.00222524
-24.675,0.00222934
-24.664,0.00223073
-24.655,0.00223060
-24.645,0.00223228
-24.636,0.00222860
-24.626,0.00222933
-24.614,0.00223438
-24.606,0.00223704
-24.595,0.00224646
-24.585,0.00224531
-24.575,0.00224729
-24.565,0.00224288
-24.554,0.00223967
-24.546,0.00224321
-24.536,0.00225136
-24.526,0.00225228
-24.515,0.00225147
-24.505,0.00224925
-24.496,0.00224985
-24.486,0.00225312
-24.474,0.00225509
-24.466,0.00225742
-24.455,0.00225375
-24.445,0.00225707
-24.434,0.00225520
-24.425,0.00225536
-24.415,0.00225796
-24.405,0.00225550
-24.394,0.00225004
-24.386,0.00224899
-24.374,0.00224537
-24.366,0.00224195
-24.354,0.00224194
-24.346,0.00223334
-24.335,0.00223328
-24.325,0.00223875
-24.312,0.00223554
-24.301,0.00223565
-24.295,0.00223351
-24.286,0.00223336
-24.276,0.00223136
-24.265,0.00223531
-24.256,0.00223387
-24.245,0.00223517
-24.235,0.00223419
-24.226,0.00223435
-24.216,0.00223845
-24.206,0.00224007
-24.196,0.00224775
-24.185,0.00225245
-24.176,0.00224705
-24.165,0.00224979
-24.155,0.00224845
-24.146,0.00224519
-24.136,0.00224851
-24.125,0.00225119
-24.115,0.00225106
-24.105,0.00225250
-24.094,0.00225429
-24.086,0.00224793
-24.075,0.00224356
-24.065,0.00223972
-24.054,0.00224398
-24.039,0.00224378
-24.031,0.00224098
-24.024,0.00223985
-24.015,0.00224452
-24.005,0.00224801
-23.995,0.00225525
-23.985,0.00226024
-23.975,0.00226066
-23.966,0.00226454
-23.956,0.00226325
-23.946,0.00226085
-23.936,0.00225852
-23.925,0.00224886
-23.916,0.00224667
-23.905,0.00224534
-23.894,0.00223980
-23.886,0.00223757
-23.876,0.00224223
-23.866,0.00224146
-23.855,0.00224011
-23.846,0.00223941
-23.835,0.00224077
-23.826,0.00223826
-23.815,0.00223560
-23.805,0.00223611
-23.795,0.00223157
-23.785,0.00223792
-23.776,0.00223495
-23.765,0.00223454
-23.756,0.00223520
-23.746,0.00223328
-23.735,0.00222943
-23.725,0.00222734
-23.716,0.00222818
-23.706,0.00222585
-23.694,0.00221868
-23.684,0.00222170
-23.675,0.00222685
-23.663,0.00222711
-23.651,0.00222830
-23.645,0.00222698
-23.634,0.00222702
-23.626,0.00223655
-23.615,0.00222750
-23.606,0.00222451
-23.596,0.00222281
-23.585,0.00222091
-23.575,0.00222600
-23.565,0.00222617
-23.555,0.00222512
-23.545,0.00223235
-23.535,0.00223611
-23.526,0.00224013
-23.516,0.00223495
-23.506,0.00223794
-23.496,0.00223691
-23.485,0.00223502
-23.475,0.00224093
-23.465,0.00224476
-23.454,0.00224312
-23.446,0.00223844
-23.435,0.00223628
-23.426,0.00223971
-23.415,0.00224106
-23.406,0.00224415
-23.395,0.00225020
-23.385,0.00224559
-23.375,0.00225022
-23.365,0.00225021
-23.355,0.00225227
-23.345,0.00225476
-23.336,0.00224868
-23.326,0.00224300
-23.315,0.00224089
-23.305,0.00224476
-23.295,0.00224588
-23.286,0.00224591
-23.275,0.00224831
-23.266,0.00224762
-23.256,0.00224460
-23.246,0.00224071
-23.235,0.00224188
-23.226,0.00223823
-23.215,0.00223646
-23.206,0.00223726
-23.195,0.00223794
-23.185,0.00223579
-23.175,0.00223281
-23.166,0.00223116
-23.155,0.00223635
-23.145,0.00223601
-23.135,0.00223253
-23.125,0.00222804
-23.115,0.00222829
-23.106,0.00222726
-23.096,0.00222189
-23.086,0.00221950
-23.076,0.00221559
-23.066,0.00222175
-23.056,0.00221249
-23.045,0.00221404
-23.033,0.00220888
-23.021,0.00220808
-23.011,0.00220986
-23.005,0.00221198
-22.992,0.00221114
-22.986,0.00220804
-22.971,0.00220952
-22.959,0.00221197
-22.954,0.00221819
-22.945,0.00221865
-22.934,0.00221830
-22.926,0.00220627
-22.916,0.00220485
-22.905,0.00219785
-22.896,0.00219208
-22.886,0.00219354
-22.875,0.00219581
-22.866,0.00219138
-22.855,0.00219149
-22.846,0.00219411
-22.836,0.00218757
-22.826,0.00218361
-22.815,0.00217999
-22.805,0.00218116
-22.795,0.00217956
-22.785,0.00217473
-22.773,0.00217829
-22.762,0.00217845
-22.750,0.00217948
-22.744,0.00218187
-22.735,0.00217732
-22.726,0.00217601
-22.714,0.00217616
-22.707,0.00217560
-22.695,0.00217001
-22.684,0.00217191
-22.675,0.00217488
-22.666,0.00217813
-22.656,0.00217700
-22.645,0.00217822
-22.631,0.00218894
-22.621,0.00218517
-22.612,0.00218385
-22.605,0.00218594
-22.594,0.00218617
-22.586,0.00218881
-22.575,0.00218413
-22.565,0.00218333
-22.556,0.00218400
-22.545,0.00218501
-22.536,0.00218350
-22.525,0.00219085
-22.514,0.00219301
-22.504,0.00219796
-22.489,0.00220040
-22.477,0.00220422
-22.471,0.00219985
-22.464,0.00220468
-22.456,0.00220390
-22.445,0.00220314
-22.435,0.00220589
-22.426,0.00220672
-22.415,0.00220344
-22.406,0.00220725
-22.396,0.00219710
-22.385,0.00219320
-22.376,0.00219112
-22.365,0.00219137
-22.355,0.00218616
-22.346,0.00218939
-22.335,0.00218973
-22.326,0.00218960
-22.315,0.00218935
-22.306,0.00218180
-22.291,0.00218340
-22.282,0.00218822
-22.275,0.00219124
-22.265,0.00219878
-22.255,0.00219430
-22.245,0.00219737
-22.235,0.00218423
-22.226,0.00218191
-22.215,0.00217794
-22.206,0.00217878
-22.196,0.00218230
-22.185,0.00218794
-22.175,0.00218885
-22.166,0.00218707
-22.155,0.00218178
-22.146,0.00218098
-22.134,0.00217953
-22.126,0.00217804
-22.113,0.00217697
-22.101,0.00217742
-22.092,0.00217753
-22.085,0.00218122
-22.076,0.00217591
-22.065,0.00217722
-22.056,0.00217253
-22.045,0.00217606
-22.035,0.00217646
-22.025,0.00217741
-22.015,0.00217754
-22.005,0.00217331
-21.994,0.00218037
-21.986,0.00217850
-21.976,0.00217900
-21.965,0.00216877
-21.956,0.00216500
-21.946,0.00216318
-21.936,0.00216535
-21.925,0.00216661
-21.914,0.00216794
-21.905,0.00216528
-21.894,0.00216216
-21.884,0.00215989
-21.874,0.00216048
-21.866,0.00215188
-21.855,0.00214393
-21.845,0.00214466
-21.835,0.00214368
-21.824,0.00214036
-21.815,0.00213793
-21.805,0.00213491
-21.796,0.00213648
-21.786,0.00213320
-21.775,0.00213444
-21.766,0.00213423
-21.755,0.00212972
-21.746,0.00212758
-21.736,0.00212806
-21.726,0.00212857
-21.716,0.00212317
-21.706,0.00212379
-21.695,0.00212800
-21.682,0.00212357
-21.668,0.00212077
-21.660,0.00212399
-21.655,0.00211482
-21.646,0.00211308
-21.633,0.00211430
-21.623,0.00211547
-21.615,0.00211511
-21.606,0.00212106
-21.595,0.00212252
-21.585,0.00212942
-21.575,0.00213210
-21.565,0.00213470
-21.555,0.00213292
-21.545,0.00213942
-21.535,0.00214102
-21.526,0.00214625
-21.516,0.00214767
-21.505,0.00214717
-21.495,0.00215294
-21.486,0.00215143
-21.474,0.00215334
-21.466,0.00215428
-21.456,0.00215535
-21.446,0.00216489
-21.435,0.00216713
-21.426,0.00216812
-21.416,0.00216249
-21.405,0.00215763
-21.396,0.00215310
-21.386,0.00215376
-21.375,0.00215694
-21.365,0.00215763
-21.356,0.00215694
-21.346,0.00216212
-21.335,0.00217129
-21.325,0.00217392
-21.315,0.00217832
-21.306,0.00217189
-21.295,0.00217198
-21.286,0.00216828
-21.275,0.00217221
-21.266,0.00217009
-21.255,0.00217021
-21.246,0.00217457
-21.235,0.00217636
-21.226,0.00217033
-21.214,0.00217204
-21.206,0.00217196
-21.196,0.00216230
-21.186,0.00216081
-21.175,0.00216705
-21.166,0.00217044
-21.155,0.00217408
-21.145,0.00216874
-21.135,0.00216491
-21.125,0.00216521
-21.116,0.00216809
-21.105,0.00216347
-21.096,0.00216187
-21.085,0.00216387
-21.076,0.00215921
-21.065,0.00216210
-21.056,0.00215747
-21.045,0.00215106
-21.034,0.00214413
-21.026,0.00215013
-21.015,0.00215445
-21.006,0.00215086
-20.996,0.00215045
-20.986,0.00215000
-20.975,0.00215004
-20.965,0.00214246
-20.954,0.00213758
-20.946,0.00213076
-20.936,0.00213199
-20.925,0.00212372
-20.916,0.00212790
-20.905,0.00212733
-20.895,0.00212550
-20.886,0.00212074
-20.876,0.00211889
-20.866,0.00211701
-20.855,0.00211556
-20.846,0.00210749
-20.836,0.00210145
-20.825,0.00209412
-20.815,0.00209150
-20.805,0.00209150
-20.795,0.00209801
-20.784,0.00209933
-20.776,0.00209974
-20.765,0.00210047
-20.756,0.00209513
-20.745,0.00209431
-20.736,0.00209381
-20.725,0.00209075
-20.715,0.00209135
-20.704,0.00208748
-20.696,0.00208456
-20.684,0.00208022
-20.676,0.00207991
-20.666,0.00207823
-20.656,0.00208035
-20.645,0.00207623
-20.635,0.00207204
-20.625,0.00207303
-20.614,0.00207680
-20.605,0.00207594
-20.594,0.00207899
-20.586,0.00208177
-20.576,0.00207943
-20.566,0.00208668
-20.555,0.00208534
-20.545,0.00209010
-20.535,0.00209093
-20.526,0.00209169
-20.515,0.00209046
-20.505,0.00209415
-20.494,0.00209785
-20.486,0.00210174
-20.476,0.00210193
-20.465,0.00210280
-20.455,0.00210272
-20.445,0.00210788
-20.436,0.00210738
-20.424,0.00210612
-20.416,0.00210720
-20.405,0.00210920
-20.395,0.00210679
-20.385,0.00210854
-20.375,0.00210662
-20.366,0.00210320
-20.356,0.00210607
-20.346,0.00210583
-20.336,0.00210468
-20.325,0.00210260
-20.316,0.00210354
-20.306,0.00211188
-20.295,0.00211124
-20.285,0.00210760
-20.275,0.00211627
-20.264,0.00211360
-20.255,0.00211535
-20.246,0.00212039
-20.236,0.00212041
-20.226,0.00212290
-20.216,0.00212185
-20.205,0.00211841
-20.194,0.00212022
-20.186,0.00212017
-20.176,0.00212333
-20.166,0.00212952
-20.155,0.00212957
-20.146,0.00213310
-20.136,0.00213259
-20.125,0.00213775
-20.115,0.00213278
-20.105,0.00213862
-20.096,0.00214417
-20.086,0.00213988
-20.076,0.00213420
-20.066,0.00213732
-20.056,0.00214131
-20.045,0.00214615
-20.035,0.00215047
-20.026,0.00215142
-20.016,0.00215591
-20.005,0.00215255
-19.996,0.00215279
-19.986,0.00215165
-19.976,0.00215753
-19.966,0.00215655
-19.955,0.00214925
-19.945,0.00215175
-19.934,0.00214407
-19.925,0.00214051
-19.916,0.00214203
-19.906,0.00213965
-19.895,0.00214152
-19.886,0.00213498
-19.876,0.00213373
-19.866,0.00213553
-19.855,0.00213606
-19.846,0.00213423
-19.835,0.00213607
-19.825,0.00213094
-19.816,0.00213285
-19.805,0.00213009
-19.789,0.00212816
-19.782,0.00212562
-19.774,0.00212746
-19.765,0.00212372
-19.754,0.00212518
-19.742,0.00211634
-19.731,0.00211775
-19.725,0.00211504
-19.714,0.00212095
-19.705,0.00211827
-19.696,0.00211995
-19.685,0.00211887
-19.675,0.00211577
-19.666,0.00211782
-19.655,0.00212059
-19.646,0.00211681
-19.636,0.00212099
-19.626,0.00211384
-19.615,0.00211824
-19.605,0.00212636
-19.595,0.00212997
-19.586,0.00213018
-19.576,0.00213626
-19.565,0.00214187
-19.555,0.00213923
-19.545,0.00214162
-19.536,0.00214252
-19.526,0.00214142
-19.515,0.00214649
-19.506,0.00214683
-19.496,0.00215149
-19.486,0.00214186
-19.474,0.00214464
-19.466,0.00215037
-19.455,0.00215606
-19.446,0.00215297
-19.436,0.00215843
-19.425,0.00216070
-19.416,0.00216657
-19.405,0.00215795
-19.396,0.00216152
-19.386,0.00215381
-19.374,0.00214815
-19.365,0.00214440
-19.355,0.00214011
-19.345,0.00213862
-19.335,0.00214129
-19.326,0.00214458
-19.314,0.00214832
-19.306,0.00215148
-19.294,0.00214816
-19.286,0.00214652
-19.275,0.00214797
-19.265,0.00214868
-19.255,0.00215000
-19.244,0.00215136
-19.235,0.00215438
-19.226,0.00215956
-19.216,0.00215917
-19.206,0.00215854
-19.196,0.00216266
-19.186,0.00216663
-19.175,0.00216712
-19.165,0.00216170
-19.155,0.00216326
-19.146,0.00216309
-19.134,0.00216108
-19.126,0.00215670
-19.116,0.00215936
-19.105,0.00215789
-19.093,0.00216224
-19.079,0.00215831
-19.074,0.00216076
-19.066,0.00215742
-19.054,0.00215895
-19.045,0.00215726
-19.036,0.00215922
-19.026,0.00215820
-19.016,0.00216000
-19.005,0.00215711
-18.995,0.00215447
-18.985,0.00215022
-18.973,0.00215349
-18.960,0.00215507
-18.951,0.00214850
-18.943,0.00213862
-18.936,0.00213875
-18.926,0.00213645
-18.915,0.00212478
-18.905,0.00211948
-18.895,0.00212055
-18.886,0.00212526
-18.875,0.00211857
-18.865,0.00211839
-18.856,0.00211601
-18.841,0.00210990
-18.830,0.00210288
-18.824,0.00209640
-18.815,0.00209757
-18.806,0.00210386
-18.796,0.00210190
-18.786,0.00209452
-18.774,0.00209531
-18.766,0.00209840
-18.756,0.00209530
-18.745,0.00209665
-18.735,0.00209625
-18.724,0.00209211
-18.714,0.00209329
-18.706,0.00209242
-18.696,0.00208736
-18.686,0.00208121
-18.669,0.00208051
-18.661,0.00208124
-18.654,0.00208422
-18.645,0.00208222
-18.635,0.00207767
-18.625,0.00207373
-18.614,0.00206703
-18.606,0.00206806
-18.596,0.00205875
-18.586,0.00206038
-18.575,0.00205530
-18.565,0.00205318
-18.556,0.00205381
-18.545,0.00205871
-18.535,0.00205769
-18.525,0.00205736
-18.516,0.00205959
-18.505,0.00205677
-18.496,0.00205934
-18.485,0.00206292
-18.476,0.00206791
-18.465,0.00207035
-18.456,0.00206665
-18.445,0.00206865
-18.436,0.00206639
-18.426,0.00206593
-18.415,0.00206342
-18.405,0.00206885
-18.395,0.00207344
-18.385,0.00207278
-18.376,0.00207523
-18.366,0.00207659
-18.353,0.00207120
-18.346,0.00206831
-18.336,0.00206371
-18.321,0.00206874
-18.311,0.00207010
-18.304,0.00207223
-18.295,0.00206747
-18.284,0.00206478
-18.275,0.00206870
-18.265,0.00205941
-18.256,0.00206199
-18.245,0.00205617
-18.233,0.00205961
-18.221,0.00206305
-18.214,0.00206838
-18.206,0.00207106
-18.194,0.00207446
-18.185,0.00207578
-18.174,0.00207399
-18.166,0.00207544
-18.155,0.00208100
-18.146,0.00208110
-18.135,0.00208596
-18.126,0.00208199
-18.115,0.00208636
-18.106,0.00209191
-18.095,0.00209036
-18.086,0.00209265
-18.076,0.00209206
-18.065,0.00209075
-18.056,0.00209173
-18.045,0.00209262
-18.035,0.00208956
-18.024,0.00208561
-18.016,0.00208483
-18.004,0.00208901
-17.996,0.00208611
-17.986,0.00208451
-17.975,0.00208651
-17.965,0.00208469
-17.954,0.00208442
-17.946,0.00208851
-17.935,0.00208978
-17.925,0.00209647
-17.916,0.00209832
-17.905,0.00210307
-17.896,0.00211050
-17.885,0.00211298
-17.875,0.00211016
-17.865,0.00210793
-17.855,0.00210594
-17.844,0.00211008
-17.836,0.00210990
-17.826,0.00210868
-17.816,0.00211113
-17.805,0.00211054
-17.795,0.00210991
-17.786,0.00210822
-17.776,0.00210593
-17.765,0.00210144
-17.754,0.00210344
-17.746,0.00209917
-17.735,0.00210738
-17.726,0.00210370
-17.713,0.00210558
-17.698,0.00210109
-17.692,0.00209708
-17.685,0.00209657
-17.675,0.00209624
-17.666,0.00209302
-17.656,0.00208915
-17.645,0.00208657
-17.631,0.00208617
-17.618,0.00208130
-17.611,0.00208053
-17.605,0.00207745
-17.595,0.00207581
-17.586,0.00207484
-17.575,0.00206945
-17.564,0.00207045
-17.556,0.00206478
-17.545,0.00206127
-17.535,0.00205498
-17.525,0.00205570
-17.514,0.00205346
-17.506,0.00205158
-17.495,0.00205195
-17.486,0.00205229
-17.476,0.00204976
-17.465,0.00205617
-17.455,0.00205479
-17.445,0.00205136
-17.435,0.00205206
-17.426,0.00204847
-17.414,0.00204833
-17.404,0.00205134
-17.395,0.00204995
-17.386,0.00204265
-17.375,0.00204216
-17.365,0.00204111
-17.355,0.00203860
-17.346,0.00204012
-17.334,0.00203608
-17.326,0.00204402
-17.315,0.00204319
-17.305,0.00203941
-17.295,0.00203408
-17.286,0.00203186
-17.275,0.00203452
-17.265,0.00203379
-17.255,0.00203171
-17.246,0.00202730
-17.235,0.00203513
-17.226,0.00203503
-17.216,0.00203413
-17.205,0.00203448
-17.195,0.00203185
-17.185,0.00203028
-17.176,0.00203029
-17.165,0.00203012
-17.155,0.00202522
-17.146,0.00202371
-17.136,0.00202659
-17.126,0.00202534
-17.116,0.00202436
-17.105,0.00202567
-17.095,0.00202637
-17.085,0.00202923
-17.074,0.00203345
-17.066,0.00203268
-17.056,0.00203287
-17.045,0.00202875
-17.036,0.00202233
-17.026,0.00202478
-17.015,0.00203152
-17.005,0.00203535
-16.996,0.00203597
-16.985,0.00203786
-16.976,0.00204370
-16.965,0.00204589
-16.956,0.00204795
-16.945,0.00204800
-16.936,0.00204612
-16.925,0.00204155
-16.915,0.00204288
-16.906,0.00204498
-16.896,0.00204601
-16.885,0.00204870
-16.876,0.00204911
-16.865,0.00205013
-16.855,0.00205254
-16.845,0.00205482
-16.835,0.00205144
-16.826,0.00205023
-16.815,0.00205373
-16.805,0.00205457
-16.796,0.00205227
-16.785,0.00205269
-16.776,0.00205496
-16.766,0.00205304
-16.755,0.00205728
-16.745,0.00204944
-16.736,0.00204307
-16.726,0.00203812
-16.716,0.00203368
-16.706,0.00203412
-16.696,0.00203575
-16.686,0.00203473
-16.675,0.00203613
-16.664,0.00203217
-16.655,0.00203296
-16.646,0.00203087
-16.635,0.00202541
-16.626,0.00201732
-16.616,0.00201725
-16.606,0.00201646
-16.595,0.00201494
-16.585,0.00201512
-16.575,0.00200963
-16.565,0.00201238
-16.556,0.00200810
-16.545,0.00200748
-16.536,0.00200038
-16.525,0.00200311
-16.512,0.00200174
-16.500,0.00199587
-16.494,0.00200021
-16.486,0.00199969
-16.475,0.00199988
-16.465,0.00199368
-16.456,0.00199379
-16.445,0.00199455
-16.431,0.00199328
-16.421,0.00199310
-16.414,0.00199423
-16.405,0.00199224
-16.395,0.00198518
-16.384,0.00198347
-16.374,0.00198084
-16.366,0.00197680
-16.355,0.00197664
-16.346,0.00197502
-16.335,0.00197647
-16.325,0.00197744
-16.314,0.00198091
-16.300,0.00198313
-16.292,0.00199106
-16.285,0.00199496
-16.276,0.00199724
-16.265,0.00199412
-16.256,0.00199489
-16.245,0.00199250
-16.235,0.00199052
-16.224,0.00199096
-16.216,0.00199034
-16.206,0.00198670
-16.194,0.00198449
-16.186,0.00198429
-16.176,0.00198302
-16.166,0.00198937
-16.155,0.00199129
-16.146,0.00198989
-16.135,0.00199559
-16.126,0.00200134
-16.116,0.00200750
-16.106,0.00200677
-16.096,0.00201038
-16.085,0.00200973
-16.075,0.00201913
-16.066,0.00201332
-16.055,0.00201833
-16.046,0.00201850
-16.035,0.00202047
-16.026,0.00202724
-16.016,0.00203100
-16.006,0.00202976
-15.995,0.00202891
-15.985,0.00202841
-15.974,0.00202848
-15.966,0.00202449
-15.956,0.00202725
-15.946,0.00203565
-15.936,0.00203475
-15.926,0.00203641
-15.916,0.00203007
-15.905,0.00202521
-15.895,0.00202801
-15.886,0.00203211
-15.875,0.00203217
-15.866,0.00203483
-15.856,0.00204125
-15.846,0.00204592
-15.835,0.00205009
-15.826,0.00204342
-15.815,0.00204925
-15.805,0.00204382
-15.795,0.00204429
-15.786,0.00205056
-15.776,0.00205656
-15.766,0.00205547
-15.755,0.00205372
-15.745,0.00205716
-15.736,0.00205432
-15.725,0.00205218
-15.715,0.00205133
-15.705,0.00204954
-15.696,0.00205126
-15.686,0.00204930
-15.676,0.00204739
-15.666,0.00204424
-15.655,0.00204525
-15.645,0.00204550
-15.635,0.00204414
-15.626,0.00204404
-15.616,0.00204089
-15.606,0.00202977
-15.596,0.00202717
-15.585,0.00202382
-15.576,0.00201973
-15.565,0.00201723
-15.555,0.00201802
-15.544,0.00201853
-15.534,0.00202250
-15.526,0.00202480
-15.516,0.00201839
-15.506,0.00201623
-15.495,0.00201171
-15.486,0.00201379
-15.475,0.00200959
-15.465,0.00201123
-15.455,0.00201185
-15.446,0.00200930
-15.435,0.00200966
-15.425,0.00201479
-15.415,0.00201654
-15.406,0.00201286
-15.395,0.00201724
-15.385,0.00201377
-15.375,0.00201257
-15.365,0.00201626
-15.355,0.00201491
-15.346,0.00201462
-15.335,0.00201609
-15.325,0.00200989
-15.315,0.00201170
-15.305,0.00201141
-15.295,0.00201042
-15.285,0.00201096
-15.274,0.00201368
-15.266,0.00201693
-15.254,0.00201262
-15.246,0.00201071
-15.236,0.00201484
-15.226,0.00201745
-15.215,0.00201147
-15.205,0.00201169
-15.196,0.00201942
-15.185,0.00202006
-15.174,0.00203175
-15.166,0.00202732
-15.156,0.00203260
-15.145,0.00203434
-15.136,0.00203785
-15.125,0.00203191
-15.115,0.00203117
-15.105,0.00203371
-15.094,0.00203822
-15.086,0.00204288
-15.076,0.00204931
-15.066,0.00204424
-15.056,0.00204984
-15.045,0.00205243
-15.035,0.00205784
-15.026,0.00206224
-15.015,0.00205941
-15.006,0.00206046
-14.996,0.00000000
-14.985,0.00000611
-14.975,0.00000598
-14.966,0.00000414
-14.955,0.00000214
-14.946,0.00000263
-14.935,0.00000690
-14.926,0.00000318
-14.915,0.00000853
-14.905,0.00000862
-14.896,0.00000052
-14.885,0.00000204
-14.875,-0.00000537
-14.865,-0.00000860
-14.855,-0.00001033
-14.845,-0.00001011
-14.835,-0.00001245
-14.826,-0.00001833
-14.816,-0.00002188
-14.806,-0.00001744
-14.796,-0.00001671
-14.785,-0.00002070
-14.775,-0.00002582
-14.764,-0.00002827
-14.756,-0.00002952
-14.746,-0.00003046
-14.736,-0.00002803
-14.726,-0.00003096
-14.715,-0.00003716
-14.706,-0.00003554
-14.695,-0.00003488
-14.686,-0.00003254
-14.675,-0.00003377
-14.666,-0.00004087
-14.656,-0.00004481
-14.646,-0.00004565
-14.636,-0.00004637
-14.626,-0.00004727
-14.615,-0.00004578
-14.602,-0.00005045
-14.588,-0.00005476
-14.582,-0.00005712
-14.575,-0.00005528
-14.564,-0.00005360
-14.555,-0.00005071
-14.545,-0.00005325
-14.536,-0.00005536
-14.525,-0.00005647
-14.515,-0.00006008
-14.506,-0.00006312
-14.495,-0.00006133
-14.486,-0.00006424
-14.475,-0.00006694
-14.466,-0.00006528
-14.455,-0.00006451
-14.446,-0.00006895
-14.435,-0.00006640
-14.425,-0.00006350
-14.413,-0.00006163
-14.400,-0.00006225
-14.389,-0.00006617
-14.383,-0.00006546
-14.374,-0.00006858
-14.365,-0.00007172
-14.355,-0.00006981
-14.346,-0.00006804
-14.333,-0.00006815
-14.320,-0.00006520
-14.315,-0.00005966
-14.306,-0.00005729
-14.295,-0.00005378
-14.282,-0.00005697
-14.275,-0.00005397
-14.265,-0.00004888
-14.255,-0.00004476
-14.246,-0.00003985
-14.235,-0.00003627
-14.226,-0.00003299
-14.216,-0.00003594
-14.205,-0.00003464
-14.195,-0.00002886
-14.185,-0.00002401
-14.175,-0.00002132
-14.165,-0.00001480
-14.155,-0.00001505
-14.146,-0.00001178
-14.135,-0.00000895
-14.126,-0.00001142
-14.116,-0.00001011
-14.105,-0.00001322
-14.095,-0.00001797
-14.084,-0.00002189
-14.075,-0.00002626
-14.064,-0.00002672
-14.056,-0.00002746
-14.046,-0.00002349
-14.036,-0.00002384
-14.026,-0.00002187
-14.012,-0.00002582
-13.999,-0.00002435
-13.993,-0.00001920
-13.985,-0.00002087
-13.972,-0.00001370
-13.962,-0.00001755
-13.954,-0.00002157
-13.946,-0.00002128
-13.935,-0.00002915
-13.926,-0.00002190
-13.915,-0.00001153
-13.905,-0.00001199
-13.895,-0.00000841
-13.886,-0.00000618
-13.876,0.00000573
-13.864,0.00000758
-13.856,0.00001555
-13.845,0.00001413
-13.831,0.00001377
-13.818,0.00001118
-13.812,0.00001077
-13.804,0.00001080
-13.796,0.00000970
-13.786,0.00000611
-13.774,0.00000083
-13.765,0.00000309
-13.755,0.00000191
-13.745,0.00000708
-13.735,0.00000077
-13.726,0.00000366
-13.715,0.00000407
-13.706,0.00000095
-13.696,0.00000311
-13.686,0.00000089
-13.675,-0.00000709
-13.665,-0.00000737
-13.655,-0.00001087
-13.644,-0.00000947
-13.635,-0.00000690
-13.626,-0.00000968
-13.615,-0.00000991
-13.605,-0.00001023
-13.596,-0.00001131
-13.585,-0.00001291
-13.575,-0.00001135
-13.565,-0.00001248
-13.555,-0.00001524
-13.545,-0.00001974
-13.534,-0.00002717
-13.526,-0.00002579
-13.511,-0.00002575
-13.495,-0.00002332
-13.490,-0.00002241
-13.485,-0.00002871
-13.475,-0.00003224
-13.466,-0.00003404
-13.456,-0.00003938
-13.444,-0.00004019
-13.435,-0.00003889
-13.421,-0.00004598
-13.412,-0.00005184
-13.406,-0.00005788
-13.395,-0.00005634
-13.386,-0.00005387
-13.375,-0.00005257
-13.366,-0.00005166
-13.355,-0.00004670
-13.346,-0.00005327
-13.335,-0.00005741
-13.325,-0.00005712
-13.315,-0.00006212
-13.306,-0.00006294
-13.296,-0.00006055
-13.284,-0.00006024
-13.276,-0.00005411
-13.266,-0.00004730
-13.255,-0.00005394
-13.246,-0.00005311
-13.235,-0.00005208
-13.226,-0.00005187
-13.215,-0.00004764
-13.204,-0.00004707
-13.196,-0.00005235
-13.184,-0.00004710
-13.176,-0.00004562
-13.166,-0.00004839
-13.155,-0.00004952
-13.145,-0.00004827
-13.135,-0.00004783
-13.124,-0.00004838
-13.115,-0.00004405
-13.106,-0.00004715
-13.096,-0.00004918
-13.086,-0.00004945
-13.075,-0.00005420
-13.066,-0.00005682
-13.055,-0.00005943
-13.045,-0.00006104
-13.036,-0.00005663
-13.026,-0.00004540
-13.015,-0.00004823
-13.005,-0.00005553
-12.995,-0.00005559
-12.985,-0.00005450
-12.976,-0.00005613
-12.965,-0.00005867
-12.956,-0.00005787
-12.946,-0.00006413
-12.936,-0.00006663
-12.926,-0.00006648
-12.916,-0.00006124
-12.906,-0.00006328
-12.896,-0.00006970
-12.885,-0.00007367
-12.874,-0.00006734
-12.865,-0.00006911
-12.854,-0.00006537
-12.846,-0.00006791
-12.835,-0.00006497
-12.826,-0.00006829
-12.815,-0.00006711
-12.806,-0.00006816
-12.795,-0.00006988
-12.785,-0.00007022
-12.775,-0.00007025
-12.764,-0.00006635
-12.756,-0.00007042
-12.746,-0.00007118
-12.735,-0.00006580
-12.726,-0.00007105
-12.715,-0.00007044
-12.705,-0.00007464
-12.694,-0.00006822
-12.686,-0.00007566
-12.675,-0.00007566
-12.666,-0.00007925
-12.654,-0.00007832
-12.646,-0.00007547
-12.636,-0.00008126
-12.625,-0.00007731
-12.615,-0.00007561
-12.606,-0.00007679
-12.594,-0.00007883
-12.585,-0.00007802
-12.576,-0.00007687
-12.565,-0.00008116
-12.555,-0.00007843
-12.545,-0.00007964
-12.535,-0.00008134
-12.526,-0.00007999
-12.515,-0.00008111
-12.506,-0.00007585
-12.496,-0.00007644
-12.486,-0.00007816
-12.475,-0.00008167
-12.465,-0.00008059
-12.455,-0.00008193
-12.445,-0.00008638
-12.435,-0.00009128
-12.425,-0.00009517
-12.416,-0.00009434
-12.406,-0.00008917
-12.395,-0.00008910
-12.386,-0.00008676
-12.375,-0.00008605
-12.365,-0.00009118
-12.356,-0.00009184
-12.346,-0.00009359
-12.335,-0.00009768
-12.325,-0.00010269
-12.316,-0.00010326
-12.306,-0.00010483
-12.295,-0.00010654
-12.285,-0.00010809
-12.275,-0.00011037
-12.264,-0.00010936
-12.256,-0.00010599
-12.246,-0.00010364
-12.236,-0.00010808
-12.226,-0.00011208
-12.215,-0.00011852
-12.205,-0.00011738
-12.195,-0.00011694
-12.185,-0.00012320
-12.174,-0.00012784
-12.166,-0.00013027
-12.156,-0.00012801
-12.146,-0.00012451
-12.136,-0.00011987
-12.121,-0.00012189
-12.110,-0.00012322
-12.101,-0.00012948
-12.095,-0.00013198
-12.085,-0.00013482
-12.075,-0.00013365
-12.066,-0.00013386
-12.056,-0.00013320
-12.041,-0.00013772
-12.031,-0.00013572
-12.024,-0.00013691
-12.015,-0.00014040
-12.005,-0.00014233
-11.995,-0.00014055
-11.986,-0.00014607
-11.976,-0.00014884
-11.965,-0.00014888
-11.956,-0.00014807
-11.945,-0.00015141
-11.935,-0.00015476
-11.925,-0.00015882
-11.915,-0.00016180
-11.906,-0.00016067
-11.896,-0.00016750
-11.884,-0.00016190
-11.876,-0.00016089
-11.865,-0.00015558
-11.855,-0.00015885
-11.845,-0.00015696
-11.836,-0.00015755
-11.826,-0.00015595
-11.816,-0.00015316
-11.806,-0.00015746
-11.795,-0.00016039
-11.785,-0.00015999
-11.775,-0.00016077
-11.765,-0.00016088
-11.754,-0.00016701
-11.744,-0.00016645
-11.736,-0.00016631
-11.724,-0.00016195
-11.715,-0.00015554
-11.706,-0.00015604
-11.696,-0.00015301
-11.685,-0.00015047
-11.675,-0.00014472
-11.662,-0.00014013
-11.652,-0.00014136
-11.639,-0.00013557
-11.634,-0.00013407
-11.624,-0.00013108
-11.616,-0.00012816
-11.606,-0.00012557
-11.595,-0.00012635
-11.585,-0.00013173
-11.575,-0.00013122
-11.565,-0.00012736
-11.554,-0.00012348
-11.545,-0.00012156
-11.535,-0.00012225
-11.526,-0.00011980
-11.516,-0.00011626
-11.505,-0.00011373
-11.496,-0.00011558
-11.485,-0.00011137
-11.475,-0.00010732
-11.466,-0.00010608
-11.456,-0.00010439
-11.445,-0.00010663
-11.435,-0.00010248
-11.426,-0.00010708
-11.415,-0.00011401
-11.405,-0.00011874
-11.395,-0.00012367
-11.385,-0.00012573
-11.376,-0.00013088
-11.366,-0.00013707
-11.355,-0.00013807
-11.345,-0.00014156
-11.335,-0.00014235
-11.325,-0.00013990
-11.316,-0.00014092
-11.306,-0.00014049
-11.296,-0.00014425
-11.285,-0.00014328
-11.276,-0.00014013
-11.266,-0.00014676
-11.255,-0.00015449
-11.245,-0.00014991
-11.236,-0.00014847
-11.226,-0.00014318
-11.214,-0.00014823
-11.206,-0.00014947
-11.196,-0.00015372
-11.185,-0.00015606
-11.176,-0.00015614
-11.165,-0.00015392
-11.155,-0.00015366
-11.145,-0.00015362
-11.136,-0.00015311
-11.126,-0.00015429
-11.116,-0.00015457
-11.106,-0.00016133
-11.095,-0.00016376
-11.086,-0.00016552
-11.075,-0.00016005
-11.066,-0.00016187
-11.055,-0.00015611
-11.046,-0.00015444
-11.036,-0.00015304
-11.025,-0.00015138
-11.015,-0.00015071
-11.005,-0.00014677
-10.995,-0.00014257
-10.985,-0.00013922
-10.976,-0.00014116
-10.964,-0.00014549
-10.956,-0.00014702
-10.946,-0.00014028
-10.936,-0.00013427
-10.925,-0.00013072
-10.916,-0.00012784
-10.905,-0.00013149
-10.894,-0.00013632
-10.886,-0.00013904
-10.876,-0.00014006
-10.866,-0.00014395
-10.856,-0.00013770
-10.843,-0.00013276
-10.830,-0.00014143
-10.824,-0.00014702
-10.815,-0.00014473
-10.805,-0.00014961
-10.795,-0.00015125
-10.784,-0.00015645
-10.776,-0.00015408
-10.766,-0.00015169
-10.756,-0.00014892
-10.743,-0.00015834
-10.731,-0.00015458
-10.725,-0.00015602
-10.715,-0.00015448
-10.706,-0.00015528
-10.695,-0.00015707
-10.685,-0.00015823
-10.675,-0.00016149
-10.666,-0.00016135
-10.655,-0.00016090
-10.645,-0.00016442
-10.634,-0.00015966
-10.626,-0.00015404
-10.616,-0.00014829
-10.606,-0.00014540
-10.594,-0.00014066
-10.586,-0.00013790
-10.575,-0.00014192
-10.565,-0.00014090
-10.555,-0.00013306
-10.545,-0.00013567
-10.535,-0.00013907
-10.525,-0.00013796
-10.516,-0.00013971
-10.504,-0.00014029
-10.496,-0.00014102
-10.486,-0.00013603
-10.475,-0.00014495
-10.465,-0.00015088
-10.454,-0.00014782
-10.446,-0.00014481
-10.436,-0.00014206
-10.425,-0.00014199
-10.416,-0.00013873
-10.405,-0.00014060
-10.395,-0.00014219
-10.385,-0.00014271
-10.376,-0.00013971
-10.364,-0.00013555
-10.355,-0.00013479
-10.345,-0.00013917
-10.336,-0.00014254
-10.325,-0.00014487
-10.316,-0.00014145
-10.305,-0.00013850
-10.295,-0.00014209
-10.286,-0.00013795
-10.275,-0.00013875
-10.266,-0.00013719
-10.256,-0.00013808
-10.245,-0.00013118
-10.235,-0.00013366
-10.225,-0.00013725
-10.215,-0.00014026
-10.205,-0.00014008
-10.196,-0.00013995
-10.185,-0.00014100
-10.176,-0.00013734
-10.166,-0.00014318
-10.156,-0.00014083
-10.145,-0.00014474
-10.135,-0.00014880
-10.125,-0.00014485
-10.116,-0.00014650
-10.104,-0.00014589
-10.096,-0.00014552
-10.086,-0.00014709
-10.076,-0.00014723
-10.066,-0.00015411
-10.056,-0.00015163
-10.045,-0.00015216
-10.035,-0.00014470
-10.025,-0.00014381
-10.015,-0.00014247
-10.006,-0.00014248
-9.996,-0.00013754
-9.986,-0.00013879
-9.975,-0.00013595
-9.966,-0.00013352
-9.955,-0.00013162
-9.945,-0.00013305
-9.936,-0.00013057
-9.926,-0.00013061
-9.914,-0.00013189
-9.904,-0.00013036
-9.896,-0.00012973
-9.886,-0.00013109
-9.875,-0.00012828
-9.865,-0.00012632
-9.856,-0.00012368
-9.845,-0.00011931
-9.835,-0.00011615
-9.826,-0.00011497
-9.814,-0.00011654
-9.805,-0.00011871
-9.795,-0.00012581
-9.785,-0.00012785
-9.776,-0.00013690
-9.766,-0.00013934
-9.756,-0.00013843
-9.746,-0.00014384
-9.735,-0.00013628
-9.726,-0.00013032
-9.715,-0.00013007
-9.706,-0.00013401
-9.695,-0.00013115
-9.684,-0.00012547
-9.676,-0.00012756
-9.666,-0.00012276
-9.655,-0.00012036
-9.646,-0.00012242
-9.635,-0.00012256
-9.626,-0.00011357
-9.615,-0.00011020
-9.605,-0.00009982
-9.594,-0.00010190
-9.586,-0.00010819
-9.574,-0.00011675
-9.566,-0.00013000
-9.555,-0.00013927
-9.546,-0.00015228
-9.535,-0.00016440
-9.525,-0.00016162
-9.515,-0.00015685
-9.505,-0.00014648
-9.496,-0.00014277
-9.485,-0.00013952
-9.476,-0.00013225
-9.466,-0.00012485
-9.455,-0.00012058
-9.445,-0.00012691
-9.435,-0.00013381
-9.426,-0.00013840
-9.416,-0.00013995
-9.406,-0.00014023
-9.395,-0.00014258
-9.385,-0.00014178
-9.376,-0.00013464
-9.366,-0.00013453
-9.355,-0.00013177
-9.346,-0.00012332
-9.334,-0.00012144
-9.318,-0.00011674
-9.309,-0.00011531
-9.305,-0.00011784
-9.296,-0.00012592
-9.285,-0.00012838
-9.276,-0.00013373
-9.265,-0.00013562
-9.255,-0.00013751
-9.245,-0.00014551
-9.236,-0.00014106
-9.224,-0.00013862
-9.215,-0.00013702
-9.205,-0.00013508
-9.195,-0.00013024
-9.185,-0.00012830
-9.175,-0.00012792
-9.164,-0.00012516
-9.156,-0.00013141
-9.145,-0.00013773
-9.136,-0.00014239
-9.119,-0.00015200
-9.109,-0.00015959
-9.104,-0.00015817
-9.095,-0.00015314
-9.084,-0.00014881
-9.075,-0.00014426
-9.062,-0.00013773
-9.050,-0.00014212
-9.044,-0.00013545
-9.036,-0.00013474
-9.025,-0.00013685
-9.015,-0.00013592
-9.005,-0.00013974
-8.995,-0.00014104
-8.986,-0.00014793
-8.975,-0.00014813
-8.966,-0.00014440
-8.955,-0.00014394
-8.946,-0.00013974
-8.936,-0.00013754
-8.925,-0.00013379
-8.916,-0.00013497
-8.902,-0.00012986
-8.888,-0.00012896
-8.881,-0.00013247
-8.874,-0.00013650
-8.866,-0.00013133
-8.856,-0.00013017
-8.846,-0.00013866
-8.835,-0.00013684
-8.823,-0.00013771
-8.811,-0.00013443
-8.806,-0.00013174
-8.794,-0.00012710
-8.786,-0.00012550
-8.775,-0.00012359
-8.765,-0.00011868
-8.755,-0.00011352
-8.745,-0.00010820
-8.734,-0.00011154
-8.722,-0.00011651
-8.713,-0.00011563
-8.706,-0.00011050
-8.696,-0.00011472
-8.686,-0.00011235
-8.675,-0.00011511
-8.665,-0.00011694
-8.656,-0.00011820
-8.646,-0.00011661
-8.636,-0.00010878
-8.626,-0.00010880
-8.616,-0.00009933
-8.606,-0.00009706
-8.595,-0.00009615
-8.586,-0.00009974
-8.575,-0.00010289
-8.565,-0.00010614
-8.555,-0.00010043
-8.546,-0.00009817
-8.536,-0.00009687
-8.526,-0.00009493
-8.515,-0.00009278
-8.506,-0.00008848
-8.495,-0.00008144
-8.485,-0.00008448
-8.476,-0.00008445
-8.465,-0.00009396
-8.456,-0.00009397
-8.445,-0.00009567
-8.435,-0.00009613
-8.426,-0.00009776
-8.416,-0.00010052
-8.405,-0.00010848
-8.396,-0.00012244
-8.386,-0.00012853
-8.374,-0.00013006
-8.365,-0.00012479
-8.355,-0.00012596
-8.345,-0.00012041
-8.335,-0.00011695
-8.325,-0.00011241
-8.315,-0.00011002
-8.306,-0.00010498
-8.294,-0.00009961
-8.286,-0.00010331
-8.276,-0.00010717
-8.265,-0.00011514
-8.255,-0.00011553
-8.245,-0.00011605
-8.235,-0.00012029
-8.224,-0.00012578
-8.216,-0.00012992
-8.204,-0.00013333
-8.196,-0.00013043
-8.185,-0.00013477
-8.176,-0.00014006
-8.165,-0.00014573
-8.156,-0.00015000
-8.146,-0.00015617
-8.134,-0.00015852
-8.125,-0.00016225
-8.115,-0.00015500
-8.106,-0.00015191
-8.096,-0.00015081
-8.086,-0.00014619
-8.076,-0.00014586
-8.065,-0.00014382
-8.055,-0.00014690
-8.046,-0.00014516
-8.035,-0.00013894
-8.025,-0.00013917
-8.016,-0.00014179
-8.005,-0.00014845
-7.995,-0.00014627
-7.986,-0.00014250
-7.975,-0.00014230
-7.964,-0.00014808
-7.956,-0.00014647
-7.945,-0.00014820
-7.936,-0.00014651
-7.926,-0.00013750
-7.915,-0.00013242
-7.905,-0.00012678
-7.895,-0.00013121
-7.885,-0.00013028
-7.875,-0.00012875
-7.866,-0.00013295
-7.856,-0.00012809
-7.846,-0.00012380
-7.835,-0.00012562
-7.826,-0.00012596
-7.815,-0.00012656
-7.805,-0.00011834
-7.795,-0.00012072
-7.784,-0.00012352
-7.776,-0.00012210
-7.766,-0.00011975
-7.756,-0.00011834
-7.745,-0.00011991
-7.735,-0.00010794
-7.726,-0.00010417
-7.715,-0.00010109
-7.706,-0.00009772
-7.696,-0.00009648
-7.686,-0.00009801
-7.675,-0.00009742
-7.666,-0.00009990
-7.656,-0.00010932
-7.645,-0.00012019
-7.635,-0.00012938
-7.624,-0.00013772
-7.616,-0.00013720
-7.606,-0.00013420
-7.595,-0.00013142
-7.585,-0.00012726
-7.575,-0.00012779
-7.565,-0.00013180
-7.556,-0.00013395
-7.545,-0.00013573
-7.535,-0.00014528
-7.526,-0.00014840
-7.516,-0.00015177
-7.506,-0.00014774
-7.496,-0.00014806
-7.485,-0.00014388
-7.475,-0.00014032
-7.465,-0.00014721
-7.455,-0.00014363
-7.445,-0.00014772
-7.436,-0.00014811
-7.426,-0.00015320
-7.415,-0.00015118
-7.406,-0.00015594
-7.395,-0.00015902
-7.386,-0.00016029
-7.375,-0.00016145
-7.364,-0.00016984
-7.355,-0.00017442
-7.346,-0.00016949
-7.336,-0.00016704
-7.326,-0.00016939
-7.316,-0.00017455
-7.306,-0.00017616
-7.295,-0.00017206
-7.285,-0.00017076
-7.275,-0.00016904
-7.266,-0.00016149
-7.255,-0.00016287
-7.246,-0.00015683
-7.236,-0.00015808
-7.226,-0.00016308
-7.216,-0.00017082
-7.205,-0.00017321
-7.194,-0.00017251
-7.186,-0.00018276
-7.176,-0.00018928
-7.164,-0.00019470
-7.156,-0.00019458
-7.145,-0.00019907
-7.136,-0.00019804
-7.125,-0.00019603
-7.115,-0.00019681
-7.104,-0.00019256
-7.096,-0.00018505
-7.084,-0.00018652
-7.076,-0.00018836
-7.066,-0.00019144
-7.055,-0.00019518
-7.046,-0.00019867
-7.035,-0.00020344
-7.025,-0.00020799
-7.014,-0.00020760
-7.006,-0.00021219
-6.996,-0.00021447
-6.985,-0.00020763
-6.976,-0.00019810
-6.966,-0.00020051
-6.955,-0.00019117
-6.945,-0.00018581
-6.935,-0.00018518
-6.924,-0.00018167
-6.916,-0.00018543
-6.906,-0.00018457
-6.896,-0.00018203
-6.886,-0.00018279
-6.876,-0.00018292
-6.865,-0.00018709
-6.855,-0.00018853
-6.846,-0.00018619
-6.834,-0.00018082
-6.826,-0.00018140
-6.815,-0.00017824
-6.805,-0.00017632
-6.796,-0.00017375
-6.786,-0.00017169
-6.776,-0.00016921
-6.766,-0.00016728
-6.754,-0.00016878
-6.746,-0.00017293
-6.734,-0.00017022
-6.725,-0.00017462
-6.716,-0.00018067
-6.705,-0.00018045
-6.696,-0.00017937
-6.685,-0.00018571
-6.676,-0.00017587
-6.666,-0.00017324
-6.656,-0.00017378
-6.646,-0.00017158
-6.636,-0.00016628
-6.625,-0.00015999
-6.616,-0.00015806
-6.605,-0.00015820
-6.595,-0.00015893
-6.586,-0.00016297
-6.576,-0.00016341
-6.565,-0.00015812
-6.556,-0.00015422
-6.546,-0.00015809
-6.536,-0.00015901
-6.526,-0.00015828
-6.515,-0.00015913
-6.505,-0.00015766
-6.495,-0.00015231
-6.484,-0.00014290
-6.476,-0.00013410
-6.466,-0.00013604
-6.456,-0.00013349
-6.446,-0.00014186
-6.435,-0.00014979
-6.425,-0.00015507
-6.415,-0.00016975
-6.404,-0.00017320
-6.394,-0.00017473
-6.385,-0.00017718
-6.375,-0.00018938
-6.365,-0.00019019
-6.356,-0.00018743
-6.345,-0.00019191
-6.335,-0.00019073
-6.324,-0.00019014
-6.316,-0.00018951
-6.306,-0.00019215
-6.296,-0.00018808
-6.286,-0.00018668
-6.275,-0.00018170
-6.265,-0.00017881
-6.255,-0.00018285
-6.245,-0.00018782
-6.236,-0.00018691
-6.226,-0.00019204
-6.214,-0.00019719
-6.206,-0.00020148
-6.196,-0.00020376
-6.186,-0.00020997
-6.175,-0.00020555
-6.165,-0.00020895
-6.154,-0.00020497
-6.146,-0.00020401
-6.136,-0.00020442
-6.126,-0.00021059
-6.115,-0.00020615
-6.106,-0.00019984
-6.095,-0.00020039
-6.085,-0.00020336
-6.075,-0.00021042
-6.065,-0.00021856
-6.055,-0.00021415
-6.045,-0.00021301
-6.036,-0.00020611
-6.023,-0.00020283
-6.009,-0.00020351
-6.005,-0.00020112
-5.994,-0.00019735
-5.985,-0.00019632
-5.974,-0.00020337
-5.956,-0.00020685
-5.946,-0.00020064
-5.935,-0.00020410
-5.926,-0.00020255
-5.915,-0.00019735
-5.906,-0.00019407
-5.896,-0.00020079
-5.886,-0.00019902
-5.876,-0.00019777
-5.866,-0.00019152
-5.856,-0.00019465
-5.845,-0.00019002
-5.835,-0.00017684
-5.825,-0.00017113
-5.815,-0.00017029
-5.804,-0.00017183
-5.789,-0.00016822
-5.780,-0.00016375
-5.775,-0.00016740
-5.766,-0.00016548
-5.756,-0.00016731
-5.745,-0.00016237
-5.735,-0.00016082
-5.725,-0.00015526
-5.714,-0.00015064
-5.706,-0.00014621
-5.695,-0.00014694
-5.686,-0.00014458
-5.676,-0.00013866
-5.666,-0.00013332
-5.655,-0.00012947
-5.645,-0.00013525
-5.635,-0.00013145
-5.625,-0.00012635
-5.614,-0.00012028
-5.598,-0.00012355
-5.592,-0.00013203
-5.586,-0.00012826
-5.575,-0.00012470
-5.565,-0.00012118
-5.552,-0.00011946
-5.542,-0.00011223
-5.531,-0.00010686
-5.524,-0.00010022
-5.516,-0.00009686
-5.505,-0.00010200
-5.495,-0.00010537
-5.485,-0.00010861
-5.475,-0.00010195
-5.465,-0.00010663
-5.453,-0.00010920
-5.441,-0.00010840
-5.429,-0.00011693
-5.424,-0.00011383
-5.416,-0.00011051
-5.406,-0.00010617
-5.395,-0.00009736
-5.384,-0.00009694
-5.375,-0.00008504
-5.364,-0.00008186
-5.355,-0.00008192
-5.346,-0.00007322
-5.336,-0.00007636
-5.326,-0.00008018
-5.317,-0.00008795
-5.305,-0.00008976
-5.296,-0.00009332
-5.285,-0.00009241
-5.274,-0.00009353
-5.266,-0.00009592
-5.254,-0.00009877
-5.242,-0.00009343
-5.228,-0.00009266
-5.221,-0.00009712
-5.215,-0.00009345
-5.205,-0.00008820
-5.195,-0.00008650
-5.185,-0.00008783
-5.176,-0.00008405
-5.166,-0.00008297
-5.156,-0.00008087
-5.146,-0.00008512
-5.135,-0.00008571
-5.126,-0.00009252
-5.116,-0.00010369
-5.106,-0.00011008
-5.095,-0.00010888
-5.086,-0.00010612
-5.076,-0.00010840
-5.065,-0.00011020
-5.054,-0.00010585
-5.045,-0.00010260
-5.033,-0.00009195
-5.021,-0.00009957
-5.012,-0.00009922
-5.004,-0.00008943
-4.994,-0.00009156
-4.986,-0.00009361
-4.976,-0.00009450
-4.965,-0.00009695
-4.955,-0.00010532
-4.944,-0.00010823
-4.934,-0.00010593
-4.926,-0.00010287
-4.915,-0.00011113
-4.906,-0.00010937
-4.895,-0.00010471
-4.885,-0.00010396
-4.875,-0.00010507
-4.866,-0.00010729
-4.855,-0.00010734
-4.846,-0.00010392
-4.835,-0.00010422
-4.826,-0.00010579
-4.816,-0.00011431
-4.806,-0.00010924
-4.795,-0.00010555
-4.785,-0.00010320
-4.776,-0.00010377
-4.765,-0.00010383
-4.754,-0.00009731
-4.745,-0.00009711
-4.735,-0.00009676
-4.725,-0.00008788
-4.716,-0.00008622
-4.705,-0.00008080
-4.695,-0.00008270
-4.686,-0.00008429
-4.676,-0.00008180
-4.666,-0.00008073
-4.656,-0.00007693
-4.646,-0.00007794
-4.635,-0.00007750
-4.625,-0.00006714
-4.615,-0.00006015
-4.603,-0.00006873
-4.592,-0.00006949
-4.582,-0.00006920
-4.575,-0.00005982
-4.566,-0.00006306
-4.555,-0.00006118
-4.545,-0.00005896
-4.535,-0.00005670
-4.525,-0.00005368
-4.513,-0.00004996
-4.501,-0.00004783
-4.495,-0.00004236
-4.486,-0.00003626
-4.476,-0.00003572
-4.465,-0.00003839
-4.456,-0.00003565
-4.445,-0.00003754
-4.434,-0.00004091
-4.426,-0.00004482
-4.416,-0.00004297
-4.406,-0.00004647
-4.396,-0.00003919
-4.386,-0.00004345
-4.375,-0.00004447
-4.365,-0.00003936
-4.355,-0.00002789
-4.344,-0.00002408
-4.335,-0.00002668
-4.324,-0.00002617
-4.315,-0.00002524
-4.305,-0.00002479
-4.296,-0.00002544
-4.286,-0.00002925
-4.275,-0.00002906
-4.266,-0.00003065
-4.256,-0.00002497
-4.246,-0.00002104
-4.235,-0.00002073
-4.225,-0.00001913
-4.216,-0.00001780
-4.206,-0.00001369
-4.196,-0.00002221
-4.186,-0.00002241
-4.176,-0.00001846
-4.166,-0.00002104
-4.156,-0.00001920
-4.146,-0.00001945
-4.135,-0.00002223
-4.125,-0.00001549
-4.115,-0.00001498
-4.105,-0.00001291
-4.095,-0.00002700
-4.085,-0.00002644
-4.074,-0.00002452
-4.059,-0.00002085
-4.052,-0.00003423
-4.044,-0.00004082
-4.036,-0.00004103
-4.025,-0.00004789
-4.013,-0.00005616
-4.005,-0.00005753
-3.994,-0.00004971
-3.986,-0.00004534
-3.976,-0.00005098
-3.966,-0.00005142
-3.955,-0.00005110
-3.946,-0.00004953
-3.935,-0.00005315
-3.925,-0.00005291
-3.915,-0.00004799
-3.906,-0.00005398
-3.896,-0.00005858
-3.884,-0.00006283
-3.876,-0.00006255
-3.866,-0.00006530
-3.855,-0.00005802
-3.845,-0.00005381
-3.835,-0.00005822
-3.826,-0.00004888
-3.815,-0.00004429
-3.805,-0.00004787
-3.795,-0.00004899
-3.786,-0.00005519
-3.775,-0.00005307
-3.766,-0.00005141
-3.755,-0.00004013
-3.745,-0.00004037
-3.734,-0.00004054
-3.726,-0.00003750
-3.715,-0.00002932
-3.706,-0.00003756
-3.696,-0.00003268
-3.685,-0.00002692
-3.675,-0.00002015
-3.665,-0.00001805
-3.656,-0.00001456
-3.643,-0.00001879
-3.632,-0.00001159
-3.622,-0.00000648
-3.615,-0.00000463
-3.606,-0.00000362
-3.595,0.00000357
-3.585,-0.00000348
-3.574,0.00000271
-3.565,0.00000182
-3.555,0.00000623
-3.546,0.00000389
-3.536,0.00001167
-3.526,0.00000398
-3.515,0.00000365
-3.506,0.00000876
-3.495,0.00001530
-3.483,0.00002196
-3.471,0.00002652
-3.461,0.00003730
-3.455,0.00004259
-3.445,0.00005122
-3.436,0.00004412
-3.425,0.00005190
-3.412,0.00005585
-3.404,0.00005874
-3.394,0.00005190
-3.386,0.00005091
-3.376,0.00006026
-3.362,0.00005327
-3.355,0.00005181
-3.345,0.00005180
-3.335,0.00005950
-3.325,0.00006287
-3.315,0.00007054
-3.306,0.00007197
-3.295,0.00006752
-3.286,0.00005892
-3.276,0.00005775
-3.265,0.00005970
-3.255,0.00005159
-3.245,0.00005510
-3.235,0.00005656
-3.224,0.00005301
-3.216,0.00005254
-3.206,0.00005160
-3.196,0.00005008
-3.186,0.00005784
-3.176,0.00006128
-3.166,0.00006181
-3.155,0.00006077
-3.146,0.00006255
-3.134,0.00007052
-3.125,0.00006408
-3.114,0.00006732
-3.106,0.00006888
-3.092,0.00006455
-3.079,0.00006041
-3.071,0.00005994
-3.064,0.00005585
-3.055,0.00005117
-3.045,0.00005250
-3.035,0.00005991
-3.026,0.00006358
-3.016,0.00007014
-3.006,0.00007124
-2.995,0.00007156
-2.985,0.00007033
-2.975,0.00007681
-2.965,0.00007189
-2.955,0.00007271
-2.946,0.00006599
-2.935,0.00006792
-2.925,0.00007137
-2.913,0.00008153
-2.900,0.00007583
-2.891,0.00006791
-2.885,0.00006957
-2.875,0.00007069
-2.866,0.00006918
-2.855,0.00007348
-2.845,0.00006749
-2.836,0.00006983
-2.825,0.00007289
-2.815,0.00007672
-2.805,0.00007283
-2.794,0.00007102
-2.786,0.00007362
-2.776,0.00007427
-2.766,0.00007650
-2.755,0.00007351
-2.746,0.00007547
-2.735,0.00007710
-2.725,0.00008013
-2.715,0.00007669
-2.704,0.00007722
-2.695,0.00008032
-2.686,0.00007884
-2.676,0.00007722
-2.665,0.00007702
-2.656,0.00007349
-2.645,0.00006825
-2.635,0.00006988
-2.624,0.00006745
-2.615,0.00006220
-2.604,0.00006371
-2.594,0.00006891
-2.586,0.00007820
-2.576,0.00007730
-2.565,0.00007926
-2.555,0.00007933
-2.545,0.00007577
-2.535,0.00008371
-2.526,0.00008871
-2.514,0.00008428
-2.505,0.00008188
-2.495,0.00008439
-2.485,0.00008667
-2.476,0.00009100
-2.465,0.00008454
-2.455,0.00008697
-2.445,0.00008021
-2.435,0.00008172
-2.425,0.00008034
-2.416,0.00007945
-2.405,0.00007275
-2.395,0.00007863
-2.385,0.00007699
-2.375,0.00007617
-2.365,0.00007412
-2.354,0.00006897
-2.345,0.00006908
-2.334,0.00007568
-2.326,0.00006982
-2.316,0.00006906
-2.305,0.00007860
-2.295,0.00008333
-2.285,0.00008438
-2.275,0.00008164
-2.265,0.00008438
-2.254,0.00008142
-2.246,0.00008122
-2.236,0.00008414
-2.226,0.00008567
-2.215,0.00008549
-2.205,0.00007525
-2.196,0.00008277
-2.186,0.00008378
-2.176,0.00007644
-2.166,0.00007627
-2.155,0.00007249
-2.146,0.00006748
-2.136,0.00006527
-2.125,0.00007379
-2.115,0.00007797
-2.106,0.00007026
-2.094,0.00008161
-2.086,0.00007773
-2.076,0.00007556
-2.066,0.00006970
-2.055,0.00007212
-2.045,0.00007557
-2.035,0.00006464
-2.026,0.00006384
-2.015,0.00006189
-2.004,0.00005866
-1.996,0.00005516
-1.986,0.00005311
-1.975,0.00005398
-1.966,0.00005243
-1.955,0.00005226
-1.945,0.00005809
-1.935,0.00005581
-1.926,0.00005400
-1.915,0.00004797
-1.906,0.00004981
-1.896,0.00005575
-1.885,0.00005555
-1.875,0.00005732
-1.865,0.00005972
-1.856,0.00006344
-1.844,0.00005619
-1.835,0.00004751
-1.825,0.00004367
-1.816,0.00004587
-1.803,0.00004563
-1.791,0.00005130
-1.781,0.00004983
-1.775,0.00004947
-1.764,0.00004563
-1.752,0.00004890
-1.745,0.00004905
-1.735,0.00004713
-1.726,0.00004664
-1.713,0.00005190
-1.706,0.00005563
-1.695,0.00006723
-1.685,0.00006245
-1.676,0.00006504
-1.666,0.00006999
-1.656,0.00008241
-1.646,0.00008321
-1.636,0.00007975
-1.625,0.00007626
-1.615,0.00007798
-1.605,0.00008138
-1.594,0.00008484
-1.586,0.00009180
-1.576,0.00009532
-1.566,0.00010070
-1.556,0.00010585
-1.545,0.00011084
-1.535,0.00010968
-1.526,0.00011133
-1.515,0.00011670
-1.505,0.00011178
-1.494,0.00011238
-1.486,0.00011359
-1.476,0.00011474
-1.466,0.00011517
-1.456,0.00011874
-1.446,0.00012148
-1.435,0.00012491
-1.426,0.00012785
-1.416,0.00013782
-1.405,0.00013444
-1.395,0.00013088
-1.385,0.00014448
-1.376,0.00013868
-1.365,0.00013516
-1.353,0.00011666
-1.338,0.00012123
-1.330,0.00011586
-1.325,0.00012649
-1.316,0.00012396
-1.305,0.00012441
-1.295,0.00013362
-1.285,0.00013091
-1.275,0.00015495
-1.266,0.00014064
-1.255,0.00014023
-1.246,0.00012492
-1.235,0.00013841
-1.226,0.00013034
-1.215,0.00013677
-1.206,0.00012659
-1.195,0.00012920
-1.185,0.00012425
-1.175,0.00012283
-1.166,0.00011284
-1.156,0.00010471
-1.146,0.00011687
-1.135,0.00012731
-1.126,0.00012862
-1.112,0.00011858
-1.101,0.00012469
-1.094,0.00012573
-1.085,0.00014320
-1.075,0.00013497
-1.065,0.00013461
-1.054,0.00012623
-1.046,0.00012735
-1.036,0.00012545
-1.025,0.00011799
-1.016,0.00011201
-1.005,0.00011178
-0.995,0.00011942
-0.986,0.00011294
-0.975,0.00011776
-0.966,0.00012548
-0.956,0.00013556
-0.946,0.00013203
-0.935,0.00014171
-0.926,0.00014027
-0.915,0.00015507
-0.906,0.00014650
-0.895,0.00015426
-0.886,0.00014680
-0.876,0.00014000
-0.866,0.00013578
-0.855,0.00012247
-0.845,0.00012795
-0.835,0.00011563
-0.825,0.00012056
-0.816,0.00010487
-0.806,0.00010896
-0.796,0.00011165
-0.786,0.00010832
-0.776,0.00010863
-0.766,0.00010475
-0.756,0.00010462
-0.745,0.00010879
-0.735,0.00012421
-0.726,0.00012845
-0.716,0.00013511
-0.705,0.00013611
-0.696,0.00013812
-0.686,0.00013416
-0.675,0.00013348
-0.665,0.00012854
-0.655,0.00013169
-0.645,0.00012862
-0.635,0.00012861
-0.626,0.00012354
-0.615,0.00013610
-0.606,0.00013073
-0.596,0.00013004
-0.585,0.00013068
-0.575,0.00014119
-0.565,0.00014888
-0.555,0.00015130
-0.544,0.00016113
-0.536,0.00016744
-0.526,0.00018852
-0.515,0.00018817
-0.506,0.00020259
-0.495,0.00019979
-0.485,0.00019471
-0.475,0.00019381
-0.464,0.00018790
-0.454,0.00017529
-0.446,0.00016869
-0.435,0.00017606
-0.426,0.00018006
-0.416,0.00017488
-0.405,0.00018212
-0.395,0.00018174
-0.385,0.00019572
-0.374,0.00020100
-0.366,0.00020947
-0.356,0.00022279
-0.345,0.00023204
-0.335,0.00023451
-0.325,0.00023007
-0.315,0.00022991
-0.305,0.00023123
-0.296,0.00021952
-0.284,0.00022120
-0.276,0.00021871
-0.266,0.00021664
-0.255,0.00021017
-0.246,0.00021464
-0.235,0.00022018
-0.225,0.00022529
-0.216,0.00023148
-0.206,0.00022436
-0.196,0.00023195
-0.186,0.00022087
-0.176,0.00023448
-0.166,0.00022847
-0.155,0.00023550
-0.145,0.00022521
-0.135,0.00023927
-0.125,0.00022715
-0.115,0.00022185
-0.105,0.00021322
-0.096,0.00021695
-0.086,0.00021481
-0.076,0.00021233
-0.066,0.00019849
-0.055,0.00018505
-0.045,0.00018551
-0.036,0.00018351
-0.026,0.00019884
-0.016,0.00018906
-0.006,0.00018804
0.005,0.00017708
0.015,0.00019738
0.024,0.00019480
0.034,0.00018698
0.046,0.00018973
0.054,0.00018192
0.065,0.00017999
0.074,0.00017491
0.085,0.00017274
0.094,0.00017624
0.105,0.00017912
0.115,0.00017153
0.125,0.00017014
0.134,0.00016334
0.146,0.00016653
0.154,0.00016352
0.164,0.00016447
0.174,0.00016191
0.184,0.00017316
0.194,0.00017761
0.205,0.00016611
0.215,0.00017100
0.225,0.00015618
0.234,0.00016114
0.244,0.00014237
0.255,0.00015161
0.264,0.00015325
0.274,0.00015944
0.285,0.00014934
0.296,0.00014074
0.304,0.00014306
0.315,0.00014782
0.325,0.00016457
0.334,0.00015715
0.346,0.00016800
0.354,0.00016062
0.365,0.00017894
0.375,0.00018692
0.385,0.00019642
0.394,0.00019128
0.406,0.00019405
0.414,0.00019005
0.425,0.00018031
0.434,0.00018785
0.445,0.00017537
0.455,0.00018217
0.465,0.00016912
0.478,0.00017713
0.488,0.00016879
0.500,0.00016524
0.506,0.00017261
0.514,0.00017496
0.525,0.00018206
0.535,0.00017890
0.545,0.00018019
0.554,0.00017424
0.566,0.00017585
0.574,0.00017309
0.585,0.00017895
0.595,0.00017034
0.608,0.00016729
0.620,0.00015346
0.625,0.00014289
0.635,0.00014067
0.646,0.00014302
0.654,0.00014155
0.665,0.00013338
0.674,0.00013699
0.686,0.00014740
0.695,0.00013909
0.709,0.00015469
0.721,0.00017542
0.726,0.00026251
0.734,0.00039624
0.744,0.00024700
0.754,0.00072545
0.764,0.00072741
0.774,0.00080464
0.784,0.00103047
0.794,0.00094194
0.808,0.00091744
0.820,0.00108971
0.825,0.00091898
0.835,0.00089058
0.844,0.00091205
0.855,0.00083552
0.864,0.00074423
0.875,0.00090277
0.885,0.00082998
0.895,0.00090497
0.906,0.00105432
0.914,0.00080847
0.926,0.00101462
0.934,0.00100515
0.945,0.00092969
0.958,0.00116570
0.971,0.00114113
0.976,0.00120196
0.985,0.00115765
0.995,0.00111949
1.005,0.00113585
1.015,0.00125811
1.024,0.00115041
1.035,0.00123246
1.044,0.00125156
1.055,0.00120844
1.065,0.00100682
1.075,0.00119637
1.085,0.00111375
1.094,0.00100826
1.104,0.00116375
1.115,0.00112369
1.125,0.00118570
1.134,0.00116885
1.144,0.00110309
1.155,0.00116809
1.165,0.00114944
1.174,0.00109535
1.184,0.00114247
1.194,0.00124375
1.204,0.00115211
1.215,0.00130063
1.225,0.00127527
1.235,0.00122820
1.247,0.00125426
1.260,0.00117418
1.269,0.00113611
1.274,0.00110383
1.286,0.00107231
1.294,0.00100898
1.304,0.00098156
1.313,0.00088851
1.325,0.00092222
1.335,0.00092185
1.346,0.00080985
1.355,0.00088403
1.364,0.00075891
1.374,0.00080990
1.385,0.00079137
1.394,0.00077910
1.405,0.00075323
1.416,0.00074014
1.424,0.00071254
1.436,0.00065232
1.445,0.00069680
1.456,0.00061296
1.464,0.00065328
1.477,0.00058291
1.492,0.00055085
1.499,0.00052911
1.506,0.00044036
1.515,0.00045559
1.525,0.00042155
1.535,0.00036236
1.544,0.00037499
1.559,0.00038332
1.572,0.00038484
1.579,0.00040366
1.586,0.00040621
1.595,0.00039183
1.604,0.00037673
1.614,0.00032828
1.625,0.00035024
1.634,0.00032555
1.645,0.00028280
1.655,0.00029024
1.665,0.00022129
1.676,0.00020584
1.687,0.00016551
1.701,0.00018693
1.710,0.00010344
1.717,0.00007903
1.724,0.00013008
1.735,0.00001440
1.744,0.00009170
1.755,0.00011429
1.765,0.00002849
1.775,0.00013477
1.785,0.00008563
1.794,0.00004326
1.804,0.00009819
1.815,0.00007684
1.824,0.00000352
1.835,0.00004005
1.845,0.00001275
1.854,-0.00001250
1.864,0.00001826
1.875,-0.00009723
1.885,-0.00010108
1.895,-0.00008784
1.904,-0.00012749
1.915,-0.00003639
1.925,-0.00006954
1.934,-0.00005139
1.945,-0.00004767
1.956,-0.00005125
1.965,-0.00006297
1.975,-0.00004928
1.985,-0.00006678
1.995,-0.00007938
2.005,-0.00009881
2.015,-0.00017499
2.025,-0.00015170
2.034,-0.00022023
2.044,-0.00019438
2.054,-0.00007281
2.064,-0.00009028
2.074,-0.00007847
2.084,-0.00008811
2.095,-0.00010848
2.105,-0.00010656
2.116,0.00000686
2.125,-0.00003812
2.134,-0.00006497
2.145,-0.00003099
2.154,-0.00013813
2.165,-0.00007933
2.174,-0.00014087
2.185,-0.00016362
2.195,-0.00018900
2.205,-0.00014702
2.215,-0.00032904
2.226,-0.00025074
2.234,-0.00018445
2.244,-0.00026879
2.255,-0.00013344
2.264,-0.00010790
2.275,-0.00011368
2.285,-0.00005936
2.295,-0.00010802
2.305,-0.00006850
2.316,-0.00009034
2.324,-0.00010304
2.335,-0.00009580
2.345,-0.00010372
2.355,-0.00015224
2.365,-0.00010577
2.375,-0.00012525
2.386,-0.00011827
2.396,-0.00011190
2.406,-0.00013194
2.414,-0.00018217
2.424,-0.00022007
2.435,-0.00029393
2.446,-0.00030555
2.455,-0.00032101
2.464,-0.00030684
2.474,-0.00024220
2.485,-0.00018169
2.496,-0.00011173
2.504,-0.00010362
2.514,-0.00009838
2.525,-0.00011167
2.535,-0.00015525
2.546,-0.00016563
2.555,-0.00020508
2.566,-0.00024238
2.574,-0.00022839
2.584,-0.00025504
2.594,-0.00024641
2.605,-0.00025660
2.615,-0.00027004
2.625,-0.00023304
2.635,-0.00027126
2.645,-0.00037883
2.654,-0.00039820
2.666,-0.00040630
2.674,-0.00040507
2.684,-0.00033984
2.695,-0.00030604
2.705,-0.00028026
2.715,-0.00026821
2.725,-0.00029865
2.736,-0.00031978
2.745,-0.00028733
2.755,-0.00033935
2.765,-0.00033157
2.774,-0.00037513
2.785,-0.00035627
2.796,-0.00034415
2.804,-0.00035055
2.814,-0.00033878
2.824,-0.00033037
2.834,-0.00036513
2.845,-0.00037835
2.855,-0.00038058
2.865,-0.00039573
2.875,-0.00039648
2.884,-0.00039892
2.894,-0.00038239
2.905,-0.00036757
2.914,-0.00040665
2.924,-0.00041322
2.934,-0.00045047
2.944,-0.00044866
2.955,-0.00045428
2.965,-0.00045901
2.975,-0.00043292
2.985,-0.00044451
2.996,-0.00041908
3.004,-0.00039554
3.014,-0.00046337
3.025,-0.00039893
3.035,-0.00039379
3.045,-0.00042319
3.054,-0.00038870
3.065,-0.00039499
3.074,-0.00035710
3.084,-0.00033999
3.095,-0.00033471
3.104,-0.00031845
3.114,-0.00033332
3.123,-0.00032642
3.135,-0.00030603
3.146,-0.00031493
3.155,-0.00033447
3.165,-0.00028014
3.174,-0.00029848
3.185,-0.00033660
3.195,-0.00027821
3.209,-0.00029794
3.222,-0.00030054
3.229,-0.00026343
3.235,-0.00030592
3.244,-0.00027049
3.254,-0.00025089
3.264,-0.00028015
3.274,-0.00020879
3.284,-0.00024272
3.295,-0.00025397
3.305,-0.00022269
3.316,-0.00025306
3.326,-0.00021519
3.334,-0.00017978
3.345,-0.00019236
3.354,-0.00013942
3.364,-0.00011066
3.374,-0.00010706
3.383,-0.00008898
3.395,-0.00007477
3.405,-0.00006519
3.414,-0.00003860
3.425,-0.00005741
3.434,-0.00001247
3.445,0.00001605
3.454,0.00004447
3.464,0.00003066
3.475,0.00008207
3.485,0.00004812
3.495,0.00008448
3.504,0.00013944
3.515,0.00013366
3.524,0.00017590
3.535,0.00018402
3.544,0.00020674
3.555,0.00024776
3.565,0.00020087
3.575,0.00025400
3.585,0.00029769
3.594,0.00029429
3.605,0.00031945
3.614,0.00031562
3.624,0.00028886
3.634,0.00036696
3.645,0.00034287
3.655,0.00038337
3.665,0.00041538
3.675,0.00041750
3.685,0.00049670
3.696,0.00047295
3.704,0.00051179
3.714,0.00052856
3.724,0.00054662
3.735,0.00057994
3.746,0.00057876
3.754,0.00060819
3.765,0.00061652
3.774,0.00062416
3.784,0.00065616
3.795,0.00065357
3.805,0.00067031
3.814,0.00071259
3.828,0.00066622
3.840,0.00067653
3.850,0.00073818
3.856,0.00068678
3.865,0.00067813
3.874,0.00077059
3.884,0.00068381
3.894,0.00075565
3.905,0.00081349
3.916,0.00073418
3.925,0.00083866
3.934,0.00086295
3.945,0.00083445
3.954,0.00091928
3.967,0.00089335
3.979,0.00094031
3.985,0.00096427
3.995,0.00094496
4.006,0.00100889
4.015,0.00097244
4.026,0.00098235
4.034,0.00099983
4.044,0.00100286
4.055,0.00100704
4.065,0.00103398
4.075,0.00100556
4.085,0.00103471
4.094,0.00104728
4.105,0.00100803
4.114,0.00103584
4.125,0.00102366
4.135,0.00101239
4.145,0.00103524
4.155,0.00103151
4.165,0.00102397
4.174,0.00103109
4.185,0.00103234
4.198,0.00101200
4.209,0.00101724
4.221,0.00100199
4.226,0.00101210
4.235,0.00098514
4.245,0.00096113
4.255,0.00093992
4.266,0.00095703
4.274,0.00094955
4.284,0.00093546
4.295,0.00093947
4.304,0.00092851
4.315,0.00093365
4.324,0.00092136
4.335,0.00094149
4.347,0.00091998
4.360,0.00094125
4.368,0.00091394
4.374,0.00088700
4.384,0.00088479
4.394,0.00088876
4.405,0.00085486
4.414,0.00085989
4.425,0.00084426
4.435,0.00083185
4.445,0.00083752
4.454,0.00083986
4.465,0.00083729
4.474,0.00078592
4.484,0.00084326
4.499,0.00081412
4.510,0.00083746
4.516,0.00081641
4.525,0.00080930
4.534,0.00081671
4.546,0.00078820
4.554,0.00080732
4.565,0.00081450
4.575,0.00078955
4.584,0.00074442
4.595,0.00081281
4.604,0.00076796
4.614,0.00080470
4.624,0.00081577
4.634,0.00077377
4.644,0.00079048
4.655,0.00077753
4.664,0.00075702
4.675,0.00076998
4.686,0.00077101
4.694,0.00073777
4.704,0.00076767
4.714,0.00075493
4.724,0.00073055
4.734,0.00074737
4.745,0.00075383
4.755,0.00071737
4.765,0.00073835
4.775,0.00075020
4.785,0.00071816
4.796,0.00072213
4.804,0.00071961
4.814,0.00068922
4.825,0.00072124
4.834,0.00065737
4.844,0.00065484
4.855,0.00069936
4.864,0.00070033
4.874,0.00071008
4.885,0.00069588
4.894,0.00071658
4.905,0.00072572
4.914,0.00070621
4.925,0.00073782
4.935,0.00074269
4.946,0.00077772
4.959,0.00074101
4.967,0.00075657
4.975,0.00071879
4.986,0.00073336
4.994,0.00071066
5.005,0.00065668
5.015,0.00066265
5.025,0.00064512
5.035,0.00064587
5.045,0.00063237
5.055,0.00061670
5.065,0.00060645
5.074,0.00058533
5.084,0.00057199
5.094,0.00057071
5.105,0.00056493
5.115,0.00054008
5.126,0.00052144
5.134,0.00052277
5.144,0.00050623
5.154,0.00048167
5.165,0.00047591
5.174,0.00044695
5.184,0.00044857
5.195,0.00043284
5.205,0.00039111
5.215,0.00040514
5.225,0.00039049
5.235,0.00036632
5.246,0.00036675
5.254,0.00035193
5.266,0.00032161
5.274,0.00029236
5.285,0.00030734
5.295,0.00030034
5.305,0.00026373
5.315,0.00027411
5.325,0.00024838
5.334,0.00023606
5.346,0.00022186
5.355,0.00019652
5.365,0.00021220
5.375,0.00019790
5.384,0.00020081
5.394,0.00018220
5.406,0.00020585
5.414,0.00015088
5.424,0.00017511
5.435,0.00018118
5.445,0.00017406
5.456,0.00019501
5.465,0.00021097
5.475,0.00021803
5.484,0.00020957
5.494,0.00022267
5.504,0.00022215
5.514,0.00022697
5.524,0.00026643
5.533,0.00026394
5.545,0.00025876
5.555,0.00024208
5.564,0.00021523
5.574,0.00020473
5.584,0.00021002
5.594,0.00022566
5.604,0.00022673
5.614,0.00025781
5.625,0.00023769
5.635,0.00027006
5.645,0.00024948
5.656,0.00026362
5.664,0.00026099
5.674,0.00028187
5.685,0.00029212
5.694,0.00027636
5.704,0.00030059
5.715,0.00029783
5.724,0.00032783
5.736,0.00035823
5.744,0.00038285
5.754,0.00037425
5.764,0.00041426
5.774,0.00043158
5.784,0.00044249
5.795,0.00047587
5.805,0.00050288
5.814,0.00052221
5.824,0.00054107
5.835,0.00054545
5.844,0.00053072
5.854,0.00054058
5.864,0.00057570
5.874,0.00060654
5.885,0.00061435
5.894,0.00063701
5.906,0.00063807
5.914,0.00064655
5.924,0.00068098
5.934,0.00068089
5.945,0.00071362
5.955,0.00071974
5.964,0.00074901
5.974,0.00076457
5.985,0.00074835
5.995,0.00077805
6.005,0.00081937
6.015,0.00082894
6.024,0.00084326
6.040,0.00089284
6.051,0.00090058
6.057,0.00093262
6.065,0.00094751
6.075,0.00098682
6.086,0.00102358
6.094,0.00104053
6.104,0.00107049
6.114,0.00108544
6.124,0.00110908
6.135,0.00114674
6.145,0.00113173
6.154,0.00116220
6.165,0.00120885
6.174,0.00120335
6.185,0.00122779
6.194,0.00125532
6.204,0.00127967
6.215,0.00130720
6.227,0.00132718
6.240,0.00136868
6.246,0.00139149
6.254,0.00141280
6.265,0.00145843
6.274,0.00145746
6.285,0.00152751
6.295,0.00154601
6.304,0.00155362
6.315,0.00160564
6.325,0.00166783
6.336,0.00170850
6.344,0.00168769
6.354,0.00174605
6.366,0.00177002
6.375,0.00177451
6.385,0.00184337
6.395,0.00178940
6.405,0.00183533
6.415,0.00185691
6.428,0.00186538
6.438,0.00193246
6.448,0.00194377
6.454,0.00196849
6.464,0.00201927
6.474,0.00207636
6.485,0.00207237
6.495,0.00217922
6.505,0.00220983
6.514,0.00219557
6.525,0.00230072
6.534,0.00227810
6.545,0.00226759
6.554,0.00233088
6.564,0.00233394
6.575,0.00237170
6.585,0.00238462
6.595,0.00241197
6.606,0.00244569
6.615,0.00244914
6.624,0.00251535
6.634,0.00254165
6.645,0.00258621
6.655,0.00259728
6.665,0.00266378
6.675,0.00268374
6.684,0.00272037
6.694,0.00275917
6.704,0.00276816
6.721,0.00284922
6.730,0.00289879
6.738,0.00290340
6.745,0.00297848
6.755,0.00297816
6.765,0.00295680
6.777,0.00297157
6.787,0.00297435
6.794,0.00302205
6.805,0.00310203
6.815,0.00309323
6.825,0.00316640
6.834,0.00314919
6.846,0.00317646
6.859,0.00317430
6.865,0.00319747
6.874,0.00322852
6.885,0.00322857
6.898,0.00325719
6.905,0.00327778
6.914,0.00329844
6.925,0.00333876
6.935,0.00337241
6.947,0.00339668
6.957,0.00343749
6.965,0.00345566
6.974,0.00345561
6.984,0.00351033
6.994,0.00348933
7.005,0.00351871
7.015,0.00358192
7.025,0.00361575
7.034,0.00364458
7.046,0.00365651
7.054,0.00372649
7.064,0.00373185
7.075,0.00374420
7.084,0.00380362
7.095,0.00378279
7.104,0.00382705
7.116,0.00389027
7.125,0.00383978
7.135,0.00386798
7.144,0.00387210
7.155,0.00389965
7.165,0.00396390
7.175,0.00395215
7.185,0.00400954
7.196,0.00404848
7.204,0.00405702
7.215,0.00411816
7.224,0.00414353
7.234,0.00414890
7.245,0.00422133
7.255,0.00422084
7.265,0.00422464
7.274,0.00429818
7.285,0.00434369
7.294,0.00435406
7.305,0.00444785
7.314,0.00445636
7.324,0.00446468
7.334,0.00454402
7.344,0.00451461
7.355,0.00453874
7.365,0.00460875
7.376,0.00461124
7.384,0.00464165
7.394,0.00464649
7.406,0.00471535
7.414,0.00472312
7.424,0.00472427
7.435,0.00478548
7.445,0.00479983
7.454,0.00481570
7.464,0.00488097
7.475,0.00489453
7.485,0.00492981
7.494,0.00500393
7.505,0.00514172
7.514,0.00513229
7.525,0.00514805
7.534,0.00526099
7.545,0.00518492
7.554,0.00520627
7.564,0.00523308
7.576,0.00522470
7.585,0.00531017
7.595,0.00533298
7.605,0.00531505
7.615,0.00533199
7.625,0.00535610
7.634,0.00540654
7.645,0.00544290
7.654,0.00547454
7.664,0.00551276
7.674,0.00558302
7.684,0.00559755
7.695,0.00565011
7.706,0.00569481
7.714,0.00571192
7.725,0.00578608
7.735,0.00578845
7.744,0.00577754
7.754,0.00585161
7.764,0.00594060
7.774,0.00594260
7.785,0.00600088
7.794,0.00605221
7.805,0.00602489
7.816,0.00602617
7.824,0.00603977
7.834,0.00606945
7.844,0.00611865
7.854,0.00611767
7.865,0.00616728
7.875,0.00620644
7.885,0.00624082
7.894,0.00628572
7.906,0.00632262
7.914,0.00634260
7.925,0.00638161
7.934,0.00642564
7.944,0.00644752
7.955,0.00651439
7.965,0.00655842
7.974,0.00656412
7.984,0.00664300
7.994,0.00674939
8.004,0.00676449
8.014,0.00680751
8.025,0.00683853
8.035,0.00684161
8.045,0.00684228
8.054,0.00689426
8.064,0.00689206
8.074,0.00690798
8.087,0.00697982
8.102,0.00697598
8.109,0.00699443
8.114,0.00703053
8.125,0.00706355
8.135,0.00711896
8.148,0.00711180
8.159,0.00716036
8.169,0.00718387
8.174,0.00720510
8.184,0.00727544
8.194,0.00731594
8.204,0.00732181
8.215,0.00739257
8.227,0.00747212
8.238,0.00745488
8.245,0.00753212
8.256,0.00761400
8.264,0.00759984
8.274,0.00763923
8.284,0.00767425
8.295,0.00763752
8.305,0.00764830
8.314,0.00768986
8.325,0.00768228
8.336,0.00771938
8.346,0.00771835
8.355,0.00778644
8.365,0.00780121
8.374,0.00780781
8.385,0.00785808
8.395,0.00790590
8.406,0.00791932
8.414,0.00794801
8.425,0.00797340
8.434,0.00798299
8.444,0.00806987
8.454,0.00806391
8.466,0.00810215
8.476,0.00815317
8.486,0.00817871
8.494,0.00822181
8.505,0.00831277
8.514,0.00832438
8.525,0.00838300
8.534,0.00844696
8.545,0.00843544
8.555,0.00847025
8.565,0.00854269
8.575,0.00847842
8.586,0.00854811
8.595,0.00861803
8.605,0.00859837
8.614,0.00861906
8.624,0.00867200
8.634,0.00870040
8.645,0.00872038
8.655,0.00879267
8.665,0.00881764
8.675,0.00888875
8.685,0.00892961
8.696,0.00888178
8.705,0.00901719
8.714,0.00894718
8.725,0.00899673
8.735,0.00912843
8.745,0.00908443
8.754,0.00917098
8.764,0.00922742
8.775,0.00916964
8.786,0.00920918
8.795,0.00921967
8.806,0.00918722
8.815,0.00924066
8.825,0.00922387
8.834,0.00926052
8.844,0.00929670
8.854,0.00929998
8.865,0.00935763
8.875,0.00938765
8.885,0.00941129
8.894,0.00945145
8.905,0.00948282
8.916,0.00947555
8.925,0.00953869
8.934,0.00955740
8.946,0.00958789
8.954,0.00967097
8.965,0.00968179
8.974,0.00967424
8.986,0.00973322
8.995,0.00967300
9.006,0.00973614
9.015,0.00976688
9.026,0.00979274
9.034,0.00982741
9.046,0.00983857
9.054,0.00985182
9.065,0.00986379
9.075,0.00986698
9.084,0.00987202
9.094,0.00989087
9.104,0.00992582
9.114,0.00994631
9.125,0.00997466
9.135,0.00994444
9.146,0.00996170
9.155,0.00998416
9.165,0.00998926
9.174,0.01006236
9.184,0.01005506
9.194,0.01005665
9.204,0.01010306
9.215,0.01008444
9.225,0.01014235
9.235,0.01015699
9.246,0.01016933
9.256,0.01020943
9.265,0.01020936
9.274,0.01026135
9.284,0.01031342
9.294,0.01033000
9.304,0.01032292
9.314,0.01037257
9.324,0.01032242
9.335,0.01029835
9.345,0.01033674
9.356,0.01034223
9.365,0.01035937
9.374,0.01046923
9.384,0.01041968
9.394,0.01049169
9.405,0.01051638
9.415,0.01047948
9.425,0.01053369
9.434,0.01055114
9.444,0.01051741
9.454,0.01061765
9.466,0.01064875
9.474,0.01062635
9.484,0.01070199
9.494,0.01065607
9.505,0.01065617
9.514,0.01069590
9.524,0.01067579
9.534,0.01072067
9.544,0.01072911
9.555,0.01071096
9.565,0.01073843
9.575,0.01075564
9.585,0.01076758
9.594,0.01085263
9.604,0.01079264
9.614,0.01079237
9.624,0.01083283
9.635,0.01078850
9.644,0.01076297
9.654,0.01078530
9.664,0.01078757
9.675,0.01081887
9.686,0.01082879
9.696,0.01085455
9.704,0.01091895
9.714,0.01094597
9.724,0.01096321
9.734,0.01106249
9.744,0.01102786
9.754,0.01105409
9.764,0.01110427
9.774,0.01110341
9.786,0.01111387
9.795,0.01108589
9.804,0.01104778
9.814,0.01109704
9.824,0.01111946
9.834,0.01113108
9.845,0.01114610
9.854,0.01112542
9.864,0.01117141
9.875,0.01118419
9.885,0.01117102
9.894,0.01123970
9.905,0.01126408
9.914,0.01124896
9.924,0.01131645
9.935,0.01131064
9.946,0.01135439
9.958,0.01139067
9.967,0.01139710
9.975,0.01139801
9.986,0.01141469
9.994,0.01139839
10.005,0.01138664
10.015,0.01142082
10.025,0.01143443
10.036,0.01143131
10.047,0.01148106
10.059,0.01149943
10.065,0.01152469
10.074,0.01158066
10.084,0.01155642
10.095,0.01158187
10.105,0.01158675
10.115,0.01161654
10.126,0.01162368
10.134,0.01167859
10.144,0.01171363
10.154,0.01170512
10.164,0.01172341
10.174,0.01172252
10.184,0.01172458
10.195,0.01175578
10.206,0.01179140
10.214,0.01181171
10.225,0.01183587
10.236,0.01185909
10.244,0.01185368
10.257,0.01188294
10.272,0.01191083
10.278,0.01191507
10.285,0.01197313
10.295,0.01200470
10.304,0.01195724
10.314,0.01203296
10.324,0.01204237
10.335,0.01198507
10.345,0.01203940
10.354,0.01201291
10.365,0.01201226
10.374,0.01208802
10.385,0.01209282
10.394,0.01210437
10.404,0.01215761
10.414,0.01214332
10.424,0.01214269
10.434,0.01216366
10.445,0.01218624
10.455,0.01221442
10.465,0.01228015
10.474,0.01225804
10.484,0.01225711
10.494,0.01224326
10.504,0.01221831
10.514,0.01227918
10.525,0.01231597
10.535,0.01234185
10.547,0.01236990
10.558,0.01240586
10.566,0.01240128
10.576,0.01239384
10.584,0.01241933
10.594,0.01243249
10.605,0.01246242
10.614,0.01253402
10.625,0.01253860
10.634,0.01258483
10.644,0.01262101
10.655,0.01255653
10.664,0.01258955
10.674,0.01256996
10.685,0.01255730
10.694,0.01263372
10.705,0.01265428
10.714,0.01270910
10.726,0.01279187
10.736,0.01275409
10.744,0.01281098
10.754,0.01283558
10.764,0.01282230
10.774,0.01293648
10.784,0.01293054
10.795,0.01296984
10.805,0.01301649
10.814,0.01299548
10.824,0.01298052
10.834,0.01300742
10.844,0.01300320
10.854,0.01306203
10.865,0.01312852
10.874,0.01311510
10.885,0.01316973
10.895,0.01318152
10.906,0.01313295
10.914,0.01319975
10.924,0.01323184
10.934,0.01324728
10.945,0.01339096
10.954,0.01340733
10.966,0.01340700
10.978,0.01350835
10.988,0.01341848
10.994,0.01342395
11.005,0.01353775
11.014,0.01346222
11.024,0.01356269
11.034,0.01361694
11.044,0.01357126
11.055,0.01360383
11.066,0.01361423
11.077,0.01354134
11.090,0.01362600
11.098,0.01364462
11.104,0.01363493
11.115,0.01375041
11.125,0.01372669
11.136,0.01375480
11.154,0.01381776
11.163,0.01375424
11.169,0.01379604
11.175,0.01388861
11.184,0.01385326
11.194,0.01398731
11.205,0.01400371
11.214,0.01397688
11.225,0.01405166
11.236,0.01401407
11.244,0.01403668
11.254,0.01408406
11.265,0.01409784
11.274,0.01415651
11.284,0.01416849
11.295,0.01418102
11.303,0.01422280
11.315,0.01426213
11.327,0.01425766
11.339,0.01433043
11.348,0.01434693
11.354,0.01438735
11.364,0.01443952
11.376,0.01443014
11.384,0.01447622
11.395,0.01452059
11.405,0.01450939
11.414,0.01459634
11.426,0.01456502
11.435,0.01460348
11.444,0.01467437
11.455,0.01464135
11.464,0.01469661
11.474,0.01473985
11.485,0.01466188
11.495,0.01476005
11.505,0.01480669
11.514,0.01481076
11.524,0.01486916
11.535,0.01486359
11.544,0.01486045
11.555,0.01492318
11.565,0.01493140
11.574,0.01496144
11.585,0.01504832
11.594,0.01505663
11.604,0.01509331
11.618,0.01510962
11.631,0.01506364
11.635,0.01512139
11.644,0.01515237
11.655,0.01510534
11.665,0.01518711
11.676,0.01519971
11.684,0.01517778
11.695,0.01522988
11.704,0.01524512
11.714,0.01523958
11.724,0.01531384
11.734,0.01531900
11.745,0.01534695
11.755,0.01543964
11.764,0.01545723
11.774,0.01549302
11.786,0.01549602
11.795,0.01545103
11.804,0.01544591
11.814,0.01546688
11.825,0.01549367
11.835,0.01556099
11.846,0.01562390
11.854,0.01565022
11.864,0.01564334
11.874,0.01563733
11.885,0.01564837
11.895,0.01564315
11.905,0.01572263
11.915,0.01574939
11.925,0.01583250
11.936,0.01586853
11.946,0.01586225
11.954,0.01588239
11.964,0.01585482
11.974,0.01583284
11.985,0.01585921
11.995,0.01585748
12.006,0.01592281
12.017,0.01600929
12.031,0.01605329
12.038,0.01605215
12.045,0.01606537
12.055,0.01603801
12.065,0.01608129
12.074,0.01613192
12.085,0.01616864
12.095,0.01620614
12.105,0.01623127
12.115,0.01625391
12.126,0.01626486
12.134,0.01625564
12.147,0.01626163
12.162,0.01631335
12.169,0.01631161
12.175,0.01634670
12.185,0.01638883
12.196,0.01637655
12.205,0.01641181
12.216,0.01644851
12.224,0.01644006
12.234,0.01649485
12.244,0.01652787
12.255,0.01653921
12.265,0.01659970
12.275,0.01661604
12.285,0.01663121
12.294,0.01668724
12.304,0.01668000
12.314,0.01670334
12.325,0.01672403
12.335,0.01673743
12.345,0.01675769
12.355,0.01674004
12.364,0.01676481
12.374,0.01681575
12.384,0.01677749
12.395,0.01683696
12.405,0.01681796
12.415,0.01681720
12.424,0.01689085
12.435,0.01692381
12.445,0.01694665
12.454,0.01700067
12.464,0.01700447
12.474,0.01700986
12.484,0.01703042
12.495,0.01697559
12.505,0.01700159
12.515,0.01706861
12.525,0.01700398
12.536,0.01708841
12.544,0.01707399
12.554,0.01697758
12.564,0.01707826
12.574,0.01708039
12.585,0.01709450
12.594,0.01716259
12.606,0.01713580
12.614,0.01716553
12.625,0.01720861
12.634,0.01711914
12.644,0.01719280
12.654,0.01725470
12.664,0.01721394
12.675,0.01731016
12.685,0.01734822
12.694,0.01732573
12.706,0.01744177
12.715,0.01740768
12.724,0.01740642
12.735,0.01744908
12.745,0.01743451
12.755,0.01746936
12.764,0.01748809
12.775,0.01749176
12.785,0.01756183
12.794,0.01753850
12.804,0.01756797
12.814,0.01757696
12.825,0.01759975
12.835,0.01767522
12.845,0.01764611
12.855,0.01769793
12.866,0.01772353
12.875,0.01770054
12.884,0.01782243
12.895,0.01781799
12.904,0.01781845
12.914,0.01792575
12.924,0.01787630
12.934,0.01793106
12.945,0.01803301
12.954,0.01799720
12.965,0.01805959
12.976,0.01809480
12.984,0.01807352
12.994,0.01816240
13.005,0.01817982
13.017,0.01816743
13.029,0.01824724
13.036,0.01824153
13.045,0.01825539
13.055,0.01836247
13.066,0.01829263
13.076,0.01836763
13.086,0.01844470
13.094,0.01843131
13.105,0.01853353
13.115,0.01856730
13.125,0.01851269
13.134,0.01861850
13.146,0.01859985
13.154,0.01860038
13.164,0.01872819
13.175,0.01865790
13.185,0.01872570
13.195,0.01878371
13.205,0.01870623
13.215,0.01881786
13.225,0.01883117
13.235,0.01883643
13.245,0.01897516
13.255,0.01894115
13.265,0.01899571
13.274,0.01911672
13.284,0.01906325
13.295,0.01911678
13.305,0.01921573
13.315,0.01917362
13.324,0.01929286
13.334,0.01936572
13.344,0.01933214
13.354,0.01944382
13.364,0.01949402
13.375,0.01946655
13.384,0.01957138
13.395,0.01958715
13.406,0.01961451
13.415,0.01973478
13.424,0.01969256
13.434,0.01973510
13.444,0.01983438
13.455,0.01979624
13.465,0.01985709
13.474,0.01992138
13.486,0.01995572
13.494,0.02006653
13.504,0.02011348
13.519,0.02017040
13.531,0.02023930
13.535,0.02028700
13.545,0.02035937
13.555,0.02038372
13.565,0.02038915
13.574,0.02041491
13.584,0.02040254
13.594,0.02045817
13.605,0.02051481
13.614,0.02054499
13.625,0.02062258
13.635,0.02067741
13.645,0.02073414
13.654,0.02082658
13.665,0.02082148
13.675,0.02084287
13.686,0.02094451
13.694,0.02100604
13.704,0.02111999
13.715,0.02119007
13.725,0.02117573
13.735,0.02126326
13.746,0.02125001
13.754,0.02121969
13.764,0.02131057
13.774,0.02135538
13.785,0.02142317
13.794,0.02157076
13.805,0.02155473
13.815,0.02159133
13.825,0.02164877
13.835,0.02163151
13.844,0.02173035
13.856,0.02184609
13.864,0.02187401
13.874,0.02207096
13.885,0.02209349
13.895,0.02211099
13.905,0.02219988
13.914,0.02218636
13.925,0.02221920
13.934,0.02231815
13.945,0.02232699
13.955,0.02244285
13.965,0.02253112
13.974,0.02254294
13.985,0.02260561
13.994,0.02262892
14.005,0.02265026
14.014,0.02273797
14.024,0.02279285
14.034,0.02290513
14.045,0.02298353
14.055,0.02300190
14.065,0.02306968
14.076,0.02309732
14.085,0.02310728
14.094,0.02319530
14.104,0.02325199
14.114,0.02330997
14.129,0.02334537
14.140,0.02334773
14.148,0.02340122
14.155,0.02340557
14.165,0.02343648
14.175,0.02352703
14.184,0.02358069
14.194,0.02366381
14.204,0.02370827
14.214,0.02373301
14.224,0.02384045
14.235,0.02385441
14.245,0.02386134
14.255,0.02395196
14.264,0.02397294
14.275,0.02401696
14.285,0.02412838
14.295,0.02412680
14.305,0.02418211
14.314,0.02420369
14.325,0.02418647
14.334,0.02425661
14.344,0.02426670
14.354,0.02430526
14.364,0.02444269
14.374,0.02445204
14.385,0.02451084
14.395,0.02456312
14.406,0.02456180
14.414,0.02462907
14.425,0.02466661
14.434,0.02470514
14.444,0.02484649
14.454,0.02486907
14.466,0.02490749
14.474,0.02503188
14.485,0.02498809
14.495,0.02501496
14.505,0.02512658
14.514,0.02504620
14.524,0.02511763
14.534,0.02521627
14.546,0.02519238
14.555,0.02529174
14.564,0.02534755
14.574,0.02522497
14.586,0.02535683
14.594,0.02538212
14.606,0.02534762
14.616,0.02546508
14.624,0.02548236
14.634,0.02554156
14.645,0.02566790
14.654,0.02561768
14.665,0.02563113
14.675,0.02572858
14.686,0.02567195
14.694,0.02574137
14.705,0.02581662
14.715,0.02580382
14.725,0.02591331
14.735,0.02590596
14.744,0.02586077
14.755,0.02596219
14.766,0.02592041
14.775,0.02588932
14.785,0.02602935
14.794,0.02592632
14.806,0.02598478
14.814,0.02603492
14.825,0.02598448
14.835,0.02605798
14.847,0.02605086
14.860,0.02599837
14.869,0.02609952
14.875,0.02611442
14.884,0.02610225
14.896,0.02615563
14.904,0.02611535
14.914,0.02612788
14.925,0.02611425
14.935,0.02605570
14.946,0.02606193
14.955,0.02607604
14.964,0.02610554
14.974,0.02613287
14.984,0.02610946
14.995,0.02615189
15.005,0.02611468
15.015,0.02607742
15.025,0.02605643
15.036,0.02603748
15.044,0.02599844
15.055,0.02603770
15.064,0.02599802
15.075,0.02597813
15.084,0.02595651
15.095,0.02589100
15.105,0.02582301
15.114,0.02581229
15.126,0.02575001
15.136,0.02571187
15.146,0.02570285
15.155,0.02565084
15.165,0.02563239
15.175,0.02558381
15.185,0.02549316
15.195,0.02548078
15.205,0.02543711
15.216,0.02535661
15.226,0.02531735
15.238,0.02529842
15.251,0.02520839
15.259,0.02518068
15.265,0.02510768
15.276,0.02499931
15.285,0.02494282
15.294,0.02487187
15.305,0.02478158
15.314,0.02472560
15.326,0.02464518
15.335,0.02452330
15.346,0.02444427
15.355,0.02433226
15.366,0.02424522
15.375,0.02414702
15.386,0.02407498
15.395,0.02404511
15.405,0.02394805
15.414,0.02382333
15.425,0.02371160
15.434,0.02359625
15.445,0.02344600
15.456,0.02334354
15.466,0.02321381
15.474,0.02314033
15.484,0.02304958
15.495,0.02291016
15.504,0.02278717
15.515,0.02263417
15.525,0.02251984
15.535,0.02245045
15.546,0.02229079
15.556,0.02220718
15.565,0.02209508
15.574,0.02191789
15.584,0.02183415
15.595,0.02165509
15.605,0.02152508
15.615,0.02144277
15.624,0.02129722
15.635,0.02121886
15.646,0.02103109
15.655,0.02087100
15.665,0.02070347
15.675,0.02055321
15.684,0.02041588
15.695,0.02030081
15.705,0.02015853
15.714,0.02003512
15.724,0.01991897
15.736,0.01973422
15.744,0.01957252
15.755,0.01939904
15.765,0.01927328
15.775,0.01915482
15.785,0.01901371
15.794,0.01891686
15.805,0.01879030
15.815,0.01861403
15.825,0.01843427
15.834,0.01819581
15.845,0.01800877
15.855,0.01784704
15.865,0.01771297
15.875,0.01767012
15.885,0.01752845
15.895,0.01736340
15.904,0.01719482
15.914,0.01695969
15.924,0.01676946
15.935,0.01662072
15.945,0.01647370
15.955,0.01640811
15.965,0.01625640
15.975,0.01603798
15.986,0.01590605
15.994,0.01567283
16.005,0.01550894
16.015,0.01537573
16.025,0.01516664
16.034,0.01508140
16.045,0.01495291
16.055,0.01470324
16.064,0.01463605
16.076,0.01440841
16.085,0.01422128
16.094,0.01409074
16.104,0.01389530
16.115,0.01375776
16.125,0.01361264
16.135,0.01341962
16.145,0.01330298
16.156,0.01312175
16.164,0.01295251
16.174,0.01285541
16.184,0.01262988
16.195,0.01246838
16.207,0.01235876
16.221,0.01216079
16.232,0.01203978
16.237,0.01191640
16.245,0.01170212
16.255,0.01161815
16.265,0.01146691
16.275,0.01128236
16.285,0.01123992
16.295,0.01099152
16.305,0.01081772
16.315,0.01073462
16.324,0.01048283
16.335,0.01038449
16.344,0.01024673
16.355,0.01001031
16.364,0.00993991
16.375,0.00978254
16.385,0.00953728
16.394,0.00950528
16.407,0.00932725
16.415,0.00908182
16.424,0.00908783
16.434,0.00888538
16.445,0.00877815
16.454,0.00871060
16.465,0.00848926
16.475,0.00835384
16.485,0.00825888
16.495,0.00805986
16.506,0.00793812
16.515,0.00782475
16.526,0.00761654
16.534,0.00751258
16.545,0.00737054
16.555,0.00719257
16.565,0.00710446
16.575,0.00693138
16.585,0.00677425
16.595,0.00670513
16.605,0.00654247
16.615,0.00642769
16.629,0.00634776
16.640,0.00618894
16.646,0.00606066
16.655,0.00592742
16.665,0.00577175
16.676,0.00564660
16.684,0.00556913
16.694,0.00539450
16.704,0.00529868
16.715,0.00514805
16.725,0.00499989
16.735,0.00488995
16.745,0.00471347
16.754,0.00459505
16.765,0.00452456
16.775,0.00438442
16.786,0.00426998
16.795,0.00416140
16.805,0.00400541
16.815,0.00390516
16.825,0.00375184
16.836,0.00357569
16.846,0.00345699
16.854,0.00330978
16.866,0.00318021
16.875,0.00307014
16.885,0.00290551
16.895,0.00275471
16.905,0.00263967
16.916,0.00249375
16.927,0.00237527
16.938,0.00227430
16.948,0.00216724
16.954,0.00206486
16.965,0.00189943
16.975,0.00177750
16.985,0.00161382
16.995,0.00145881
17.005,0.00131691
17.015,0.00116039
17.025,0.00104271
17.039,0.00094154
17.050,0.00074606
17.056,0.00059499
17.065,0.00045903
17.075,0.00032237
17.085,0.00017463
17.095,0.00001212
17.106,-0.00010860
17.116,-0.00021053
17.124,-0.00040549
17.135,-0.00052450
17.145,-0.00063586
17.155,-0.00079572
17.165,-0.00091034
17.175,-0.00105084
17.184,-0.00121989
17.194,-0.00132080
17.205,-0.00151062
17.215,-0.00168074
17.224,-0.00184986
17.235,-0.00202648
17.245,-0.00219514
17.256,-0.00232818
17.265,-0.00247092
17.276,-0.00263418
17.284,-0.00277943
17.294,-0.00293938
17.305,-0.00307866
17.315,-0.00323097
17.325,-0.00338968
17.335,-0.00350670
17.345,-0.00367728
17.355,-0.00386714
17.366,-0.00396392
17.374,-0.00414614
17.386,-0.00427310
17.394,-0.00442416
17.405,-0.00464145
17.415,-0.00478956
17.425,-0.00494458
17.435,-0.00513637
17.444,-0.00525633
17.456,-0.00544618
17.465,-0.00561877
17.479,-0.00570932
17.489,-0.00591268
17.497,-0.00608582
17.504,-0.00616943
17.515,-0.00640068
17.527,-0.00651521
17.537,-0.00665346
17.545,-0.00688758
17.555,-0.00697329
17.565,-0.00711344
17.575,-0.00730279
17.585,-0.00744393
17.595,-0.00760476
17.606,-0.00781212
17.618,-0.00791041
17.631,-0.00813195
17.638,-0.00833361
17.646,-0.00848208
17.655,-0.00865098
17.665,-0.00873842
17.675,-0.00888402
17.685,-0.00903934
17.695,-0.00916424
17.706,-0.00931213
17.714,-0.00948988
17.725,-0.00965167
17.734,-0.00978524
17.745,-0.00994693
17.755,-0.01006663
17.765,-0.01021543
17.775,-0.01038837
17.785,-0.01056672
17.794,-0.01070393
17.806,-0.01084661
17.815,-0.01097872
17.825,-0.01113925
17.834,-0.01127737
17.845,-0.01142454
17.855,-0.01157620
17.866,-0.01169009
17.874,-0.01178841
17.886,-0.01192136
17.894,-0.01204621
17.905,-0.01219229
17.915,-0.01236242
17.925,-0.01252688
17.935,-0.01266283
17.944,-0.01279704
17.955,-0.01291390
17.966,-0.01304114
17.976,-0.01318040
17.985,-0.01329766
17.995,-0.01342953
18.006,-0.01360315
18.015,-0.01371885
18.025,-0.01385917
18.036,-0.01397942
18.045,-0.01408110
18.056,-0.01420904
18.065,-0.01431729
18.074,-0.01442997
18.086,-0.01456598
18.095,-0.01469193
18.105,-0.01481135
18.115,-0.01494081
18.126,-0.01506171
18.135,-0.01514569
18.145,-0.01527398
18.155,-0.01536222
18.165,-0.01549100
18.175,-0.01559729
18.185,-0.01570465
18.195,-0.01583833
18.206,-0.01594794
18.215,-0.01603625
18.225,-0.01614593
18.235,-0.01625386
18.245,-0.01634383
18.255,-0.01643276
18.265,-0.01651897
18.274,-0.01659763
18.285,-0.01671321
18.296,-0.01680170
18.306,-0.01689141
18.314,-0.01698022
18.325,-0.01706233
18.335,-0.01718671
18.345,-0.01727983
18.355,-0.01737854
18.365,-0.01745132
18.375,-0.01754017
18.386,-0.01762712
18.395,-0.01768164
18.407,-0.01774224
18.416,-0.01782413
18.426,-0.01788339
18.434,-0.01797213
18.445,-0.01803839
18.455,-0.01809589
18.465,-0.01817911
18.475,-0.01826379
18.486,-0.01835902
18.496,-0.01844151
18.505,-0.01845746
18.515,-0.01849254
18.525,-0.01855751
18.535,-0.01857255
18.545,-0.01861624
18.554,-0.01870491
18.564,-0.01874509
18.575,-0.01880487
18.586,-0.01885816
18.595,-0.01890292
18.605,-0.01893479
18.615,-0.01899925
18.625,-0.01903427
18.635,-0.01912993
18.645,-0.01918020
18.656,-0.01921974
18.665,-0.01926283
18.675,-0.01931304
18.685,-0.01934300
18.694,-0.01938255
18.705,-0.01941478
18.715,-0.01945819
18.725,-0.01951426
18.734,-0.01955122
18.745,-0.01957691
18.754,-0.01961039
18.766,-0.01963044
18.775,-0.01967851
18.785,-0.01970362
18.795,-0.01972954
18.805,-0.01977800
18.814,-0.01985645
18.825,-0.01989162
18.834,-0.01995973
18.845,-0.01999598
18.854,-0.02000630
18.865,-0.02004520
18.875,-0.02003752
18.885,-0.02005410
18.895,-0.02008459
18.906,-0.02011579
18.915,-0.02015831
18.926,-0.02019869
18.935,-0.02021176
18.949,-0.02024360
18.960,-0.02028569
18.966,-0.02031608
18.975,-0.02036759
18.985,-0.02041504
18.994,-0.02044198
19.005,-0.02047524
19.014,-0.02049248
19.024,-0.02048234
19.035,-0.02049653
19.045,-0.02052566
19.055,-0.02056197
19.065,-0.02059308
19.074,-0.02063441
19.085,-0.02065126
19.094,-0.02065410
19.105,-0.02066974
19.115,-0.02069626
19.124,-0.02074447
19.135,-0.02082878
19.146,-0.02088365
19.154,-0.02091655
19.165,-0.02093680
19.174,-0.02094743
19.185,-0.02098187
19.195,-0.02097961
19.205,-0.02098181
19.215,-0.02102671
19.225,-0.02108054
19.235,-0.02110805
19.245,-0.02115783
19.254,-0.02115229
19.265,-0.02114836
19.275,-0.02118856
19.284,-0.02121138
19.299,-0.02123947
19.308,-0.02130136
19.315,-0.02132102
19.324,-0.02133696
19.336,-0.02137441
19.346,-0.02137395
19.356,-0.02139091
19.366,-0.02141793
19.379,-0.02143518
19.388,-0.02149657
19.395,-0.02152026
19.407,-0.02149404
19.416,-0.02151927
19.426,-0.02152060
19.434,-0.02152138
19.446,-0.02157119
19.455,-0.02162940
19.464,-0.02168236
19.474,-0.02177175
19.485,-0.02182330
19.496,-0.02181555
19.505,-0.02184629
19.517,-0.02184885
19.529,-0.02188202
19.539,-0.02192151
19.545,-0.02193411
19.554,-0.02204282
19.565,-0.02207422
19.575,-0.02208004
19.586,-0.02211493
19.595,-0.02209479
19.606,-0.02206560
19.614,-0.02210569
19.629,-0.02211726
19.641,-0.02214209
19.650,-0.02222022
19.655,-0.02222302
19.665,-0.02224287
19.674,-0.02227306
19.685,-0.02227540
19.694,-0.02230745
19.704,-0.02232974
19.715,-0.02236793
19.725,-0.02242880
19.735,-0.02244900
19.745,-0.02245313
19.755,-0.02253711
19.764,-0.02255246
19.774,-0.02261964
19.786,-0.02265972
19.794,-0.02268810
19.805,-0.02275183
19.814,-0.02274923
19.825,-0.02274573
19.836,-0.02276836
19.849,-0.02276419
19.855,-0.02283188
19.864,-0.02288282
19.876,-0.02289654
19.885,-0.02292902
19.894,-0.02291749
19.904,-0.02293136
19.914,-0.02297382
19.925,-0.02299699
19.934,-0.02309187
19.944,-0.02313065
19.955,-0.02317106
19.965,-0.02322093
19.974,-0.02320647
19.985,-0.02318173
19.994,-0.02319150
20.005,-0.02322147
20.015,-0.02327668
20.025,-0.02335563
20.035,-0.02338111
20.044,-0.02340420
20.055,-0.02343369
20.065,-0.02340714
20.074,-0.02339700
20.085,-0.02341310
20.095,-0.02343295
20.105,-0.02350889
20.115,-0.02356117
20.126,-0.02357342
20.134,-0.02361989
20.145,-0.02360880
20.155,-0.02359954
20.164,-0.02363787
20.175,-0.02364161
20.185,-0.02369407
20.194,-0.02375703
20.205,-0.02375588
20.216,-0.02381079
20.225,-0.02383185
20.237,-0.02381458
20.251,-0.02384838
20.255,-0.02384785
20.265,-0.02385128
20.276,-0.02389428
20.285,-0.02389546
20.294,-0.02394751
20.304,-0.02399180
20.315,-0.02400360
20.324,-0.02400302
20.335,-0.02403578
20.345,-0.02407695
20.354,-0.02408861
20.366,-0.02408928
20.374,-0.02410014
20.385,-0.02409085
20.394,-0.02408111
20.405,-0.02411358
20.414,-0.02410788
20.424,-0.02416737
20.435,-0.02415720
20.446,-0.02416909
20.456,-0.02417753
20.464,-0.02416327
20.476,-0.02418782
20.485,-0.02427510
20.495,-0.02425823
20.505,-0.02432130
20.515,-0.02434603
20.525,-0.02431297
20.536,-0.02435576
20.545,-0.02436383
20.555,-0.02437212
20.564,-0.02444017
20.575,-0.02442102
20.584,-0.02443092
20.594,-0.02450439
20.605,-0.02447133
20.617,-0.02447594
20.629,-0.02454575
20.639,-0.02450468
20.645,-0.02459572
20.654,-0.02463100
20.664,-0.02460834
20.675,-0.02466930
20.684,-0.02464976
20.695,-0.02463443
20.705,-0.02471326
20.717,-0.02464812
20.731,-0.02465362
20.740,-0.02470017
20.746,-0.02467264
20.755,-0.02472412
20.764,-0.02471889
20.775,-0.02472018
20.787,-0.02480256
20.798,-0.02482221
20.809,-0.02484492
20.814,-0.02489136
20.824,-0.02484543
20.835,-0.02486115
20.844,-0.02485856
20.855,-0.02484918
20.867,-0.02490679
20.881,-0.02491072
20.888,-0.02490547
20.894,-0.02498288
20.904,-0.02494562
20.915,-0.02492935
20.924,-0.02498260
20.935,-0.02494684
20.944,-0.02496330
20.955,-0.02496974
20.966,-0.02498037
20.974,-0.02502187
20.986,-0.02506667
20.996,-0.02505174
21.005,-0.02507371
21.014,-0.02507389
21.024,-0.02511078
21.035,-0.02509061
21.045,-0.02513167
21.054,-0.02515339
21.065,-0.02512932
21.076,-0.02516547
21.084,-0.02517029
21.096,-0.02514262
21.105,-0.02518440
21.114,-0.02517841
21.125,-0.02518428
21.135,-0.02521857
21.144,-0.02520462
21.156,-0.02523061
21.164,-0.02530276
21.174,-0.02525941
21.184,-0.02532401
21.195,-0.02536588
21.205,-0.02533793
21.214,-0.02541421
21.226,-0.02537848
21.235,-0.02537294
21.244,-0.02542714
21.254,-0.02538208
21.265,-0.02539477
21.274,-0.02543854
21.285,-0.02541388
21.295,-0.02547451
21.305,-0.02549517
21.314,-0.02548995
21.325,-0.02556775
21.334,-0.02557013
21.345,-0.02557501
21.354,-0.02564839
21.365,-0.02563201
21.375,-0.02562062
21.387,-0.02567492
21.401,-0.02566267
21.408,-0.02564744
21.414,-0.02567480
21.424,-0.02562169
21.436,-0.02564226
21.445,-0.02566577
21.455,-0.02564539
21.464,-0.02570942
21.475,-0.02568702
21.485,-0.02569037
21.495,-0.02574269
21.504,-0.02572649
21.514,-0.02572913
21.525,-0.02577911
21.534,-0.02577320
21.544,-0.02578239
21.555,-0.02581926
21.565,-0.02577015
21.574,-0.02581657
21.584,-0.02585092
21.595,-0.02581703
21.605,-0.02588858
21.614,-0.02587033
21.625,-0.02582413
21.634,-0.02586526
21.645,-0.02582773
21.655,-0.02583371
21.664,-0.02592030
21.675,-0.02592120
21.684,-0.02593043
21.695,-0.02597382
21.704,-0.02589644
21.715,-0.02590625
21.725,-0.02588654
21.736,-0.02586319
21.744,-0.02592693
21.756,-0.02593618
21.764,-0.02596316
21.774,-0.02602843
21.789,-0.02595287
21.800,-0.02589508
21.806,-0.02592378
21.815,-0.02585345
21.825,-0.02588562
21.836,-0.02588680
21.844,-0.02584548
21.855,-0.02588754
21.864,-0.02586177
21.877,-0.02579619
21.885,-0.02580163
21.894,-0.02577609
21.905,-0.02578152
21.915,-0.02582614
21.924,-0.02584677
21.935,-0.02593080
21.946,-0.02592189
21.954,-0.02589891
21.964,-0.02588723
21.974,-0.02583807
21.985,-0.02580396
21.995,-0.02584098
22.005,-0.02583470
22.016,-0.02585560
22.025,-0.02588120
22.034,-0.02581664
22.045,-0.02576946
22.054,-0.02575437
22.064,-0.02573622
22.075,-0.02572862
22.086,-0.02574033
22.094,-0.02576230
22.104,-0.02579084
22.115,-0.02576056
22.125,-0.02573091
22.135,-0.02571564
22.145,-0.02571366
22.155,-0.02575018
22.165,-0.02570874
22.176,-0.02574037
22.185,-0.02572960
22.195,-0.02568340
22.206,-0.02570732
22.215,-0.02568136
22.224,-0.02565558
22.234,-0.02570789
22.245,-0.02566518
22.255,-0.02565296
22.265,-0.02567028
22.276,-0.02561929
22.286,-0.02560768
22.294,-0.02562382
22.305,-0.02556840
22.315,-0.02561132
22.324,-0.02562114
22.335,-0.02562124
22.346,-0.02564216
22.354,-0.02565467
22.364,-0.02563591
22.374,-0.02564076
22.385,-0.02564644
22.395,-0.02558385
22.405,-0.02559671
22.415,-0.02559937
22.426,-0.02559473
22.434,-0.02557494
22.446,-0.02551809
22.454,-0.02548116
22.464,-0.02549353
22.475,-0.02549289
22.485,-0.02547141
22.495,-0.02548426
22.505,-0.02551118
22.517,-0.02550009
22.531,-0.02545270
22.538,-0.02546677
22.546,-0.02547033
22.554,-0.02543697
22.565,-0.02547949
22.574,-0.02548681
22.584,-0.02548778
22.595,-0.02549264
22.605,-0.02551076
22.614,-0.02549567
22.626,-0.02546984
22.635,-0.02549121
22.645,-0.02545703
22.654,-0.02544987
22.665,-0.02548567
22.675,-0.02545210
22.685,-0.02549732
22.695,-0.02548105
22.705,-0.02544506
22.714,-0.02543118
22.726,-0.02543954
22.735,-0.02544470
22.745,-0.02544053
22.755,-0.02546698
22.765,-0.02547304
22.775,-0.02545575
22.784,-0.02545015
22.796,-0.02543942
22.804,-0.02547632
22.814,-0.02545586
22.825,-0.02546578
22.834,-0.02553247
22.845,-0.02543770
22.856,-0.02545534
22.866,-0.02542975
22.875,-0.02538171
22.884,-0.02539837
22.895,-0.02536697
22.905,-0.02533047
22.915,-0.02540475
22.925,-0.02534382
22.938,-0.02529157
22.949,-0.02531333
22.960,-0.02528194
22.966,-0.02532562
22.976,-0.02537392
22.985,-0.02531043
22.997,-0.02539162
23.004,-0.02540459
23.015,-0.02530170
23.025,-0.02530318
23.034,-0.02527483
23.044,-0.02524187
23.056,-0.02533877
23.066,-0.02527574
23.074,-0.02525873
23.085,-0.02529722
23.095,-0.02520180
23.105,-0.02519677
23.115,-0.02523704
23.125,-0.02514091
23.136,-0.02518975
23.144,-0.02518551
23.156,-0.02515146
23.165,-0.02524325
23.175,-0.02516192
23.184,-0.02516412
23.195,-0.02516548
23.205,-0.02511178
23.216,-0.02516071
23.226,-0.02512872
23.235,-0.02513768
23.245,-0.02514691
23.255,-0.02512607
23.264,-0.02510324
23.275,-0.02505296
23.285,-0.02502644
23.294,-0.02503653
23.306,-0.02504365
23.314,-0.02505249
23.325,-0.02503926
23.334,-0.02499381
23.345,-0.02495213
23.355,-0.02496141
23.365,-0.02489539
23.374,-0.02487304
23.385,-0.02482192
23.394,-0.02478949
23.406,-0.02479895
23.414,-0.02476715
23.425,-0.02473221
23.435,-0.02476090
23.445,-0.02467966
23.455,-0.02465679
23.466,-0.02468068
23.474,-0.02460017
23.486,-0.02457111
23.495,-0.02460539
23.504,-0.02453703
23.515,-0.02453178
23.525,-0.02446968
23.535,-0.02436416
23.546,-0.02435572
23.554,-0.02426499
23.565,-0.02422406
23.574,-0.02426044
23.584,-0.02418234
23.595,-0.02417352
23.605,-0.02418425
23.614,-0.02411037
23.625,-0.02412045
23.634,-0.02406857
23.645,-0.02404622
23.655,-0.02408500
23.664,-0.02400813
23.675,-0.02399021
23.685,-0.02391694
23.694,-0.02384400
23.705,-0.02381577
23.715,-0.02371428
23.726,-0.02365363
23.734,-0.02361626
23.745,-0.02355882
23.758,-0.02349893
23.769,-0.02345453
23.785,-0.02334842
23.805,-0.02327256
23.814,-0.02323472
23.824,-0.02318064
23.834,-0.02310828
23.844,-0.02305838
23.855,-0.02301912
23.865,-0.02296516
23.875,-0.02288103
23.885,-0.02286902
23.895,-0.02276191
23.906,-0.02270360
23.914,-0.02264652
23.925,-0.02254821
23.934,-0.02253802
23.945,-0.02250338
23.955,-0.02242428
23.965,-0.02237367
23.974,-0.02226686
23.984,-0.02218638
23.994,-0.02218210
24.004,-0.02210001
24.016,-0.02203508
24.025,-0.02196078
24.034,-0.02186041
24.045,-0.02179848
24.056,-0.02170799
24.065,-0.02161406
24.074,-0.02156601
24.086,-0.02145221
24.094,-0.02138211
24.105,-0.02139593
24.115,-0.02127204
24.124,-0.02122611
24.135,-0.02119614
24.145,-0.02105595
24.156,-0.02103907
24.164,-0.02100570
24.174,-0.02085949
24.184,-0.02083151
24.194,-0.02072816
24.207,-0.02061072
24.229,-0.02043481
24.235,-0.02031253
24.245,-0.02026703
24.254,-0.02017085
24.286,-0.01988846
24.294,-0.01977273
24.305,-0.01967884
24.315,-0.01963938
24.325,-0.01956889
24.345,-0.01946790
24.354,-0.01933126
24.365,-0.01920975
24.374,-0.01915922
24.384,-0.01897697
24.395,-0.01889574
24.405,-0.01883559
24.414,-0.01868532
24.424,-0.01866941
24.435,-0.01857304
24.446,-0.01835338
24.454,-0.01834927
24.464,-0.01819688
24.475,-0.01810143
24.486,-0.01811104
24.494,-0.01798856
24.506,-0.01792034
24.516,-0.01786535
24.526,-0.01772518
24.535,-0.01763646
24.545,-0.01755024
24.555,-0.01743287
24.565,-0.01735961
24.575,-0.01721632
24.585,-0.01713023
24.596,-0.01700438
24.604,-0.01689479
24.615,-0.01679642
24.625,-0.01667573
24.635,-0.01655746
24.644,-0.01650043
24.655,-0.01640109
24.665,-0.01634473
24.676,-0.01626966
24.684,-0.01621193
24.694,-0.01611737
24.705,-0.01597085
24.715,-0.01583401
24.724,-0.01574333
24.735,-0.01563786
24.745,-0.01560143
24.755,-0.01546601
24.765,-0.01532977
24.774,-0.01525465
24.784,-0.01503854
24.795,-0.01489706
24.805,-0.01483966
24.814,-0.01471893
24.825,-0.01462971
24.835,-0.01462193
24.844,-0.01447536
24.854,-0.01435863
24.865,-0.01433950
24.875,-0.01411771
24.885,-0.01407005
24.894,-0.01400093
24.905,-0.01382340
24.915,-0.01376851
24.925,-0.01362959
24.934,-0.01346387
24.944,-0.01338747
24.954,-0.01320971
24.964,-0.01302766
24.974,-0.01297332
24.985,-0.01280832
24.995,-0.01265492
25.005,-0.01264127
25.016,-0.01245865
25.025,-0.01238460
25.034,-0.01232709
25.046,-0.01214876
25.055,-0.01208427
25.065,-0.01202121
25.075,-0.01184037
25.085,-0.01181961
25.096,-0.01168598
25.105,-0.01155122
25.115,-0.01144906
25.125,-0.01131442
25.135,-0.01121201
25.145,-0.01105927
25.158,-0.01096243
25.170,-0.01082724
25.176,-0.01073586
25.185,-0.01058463
25.194,-0.01042788
25.206,-0.01035009
25.215,-0.01022242
25.225,-0.01010956
25.235,-0.00999631
25.246,-0.00988688
25.255,-0.00976673
25.267,-0.00967240
25.279,-0.00959181
25.288,-0.00946431
25.296,-0.00936740
25.305,-0.00930320
25.315,-0.00909643
25.325,-0.00898178
25.335,-0.00891146
25.345,-0.00871649
25.358,-0.00866399
25.370,-0.00856016
25.375,-0.00839499
25.386,-0.00831105
25.395,-0.00814056
25.405,-0.00803900
25.415,-0.00791677
25.425,-0.00779062
25.435,-0.00768234
25.445,-0.00756036
25.456,-0.00749091
25.466,-0.00737477
25.474,-0.00728346
25.485,-0.00713712
25.495,-0.00704086
25.504,-0.00692125
25.515,-0.00679687
25.525,-0.00667308
25.535,-0.00649109
25.544,-0.00642675
25.554,-0.00630275
25.566,-0.00616150
25.575,-0.00612654
25.585,-0.00595751
25.595,-0.00583346
25.605,-0.00577492
25.616,-0.00559895
25.624,-0.00557322
25.636,-0.00548501
25.645,-0.00534663
25.655,-0.00533774
25.665,-0.00516869
25.675,-0.00503702
25.685,-0.00493271
25.694,-0.00475004
25.704,-0.00465776
25.715,-0.00456860
25.724,-0.00442101
25.734,-0.00436464
25.745,-0.00421305
25.755,-0.00405516
25.765,-0.00395781
25.775,-0.00380015
25.784,-0.00366814
25.794,-0.00361423
25.804,-0.00347355
25.814,-0.00337130
25.825,-0.00333288
25.835,-0.00319951
25.845,-0.00311381
25.853,-0.00310516
25.865,-0.00290798
25.875,-0.00279725
25.915,-0.00236565
25.925,-0.00222700
25.935,-0.00216482
25.945,-0.00199761
25.955,-0.00189528
25.965,-0.00177116
25.975,-0.00170634
25.985,-0.00161674
25.995,-0.00151403
26.005,-0.00144884
26.015,-0.00131602
26.025,-0.00117948
26.036,-0.00112503
26.046,-0.00100728
26.056,-0.00088288
26.064,-0.00082350
26.075,-0.00072762
26.085,-0.00064802
26.095,-0.00053541
26.105,-0.00038960
26.115,-0.00033741
26.125,-0.00017576
26.136,-0.00006595
26.146,-0.00000118
26.154,0.00010733
26.164,0.00022815
26.175,0.00032015
26.185,0.00043770
26.194,0.00054717
26.205,0.00058638
26.216,0.00070801
26.226,0.00078217
26.236,0.00086103
26.246,0.00097729
26.255,0.00106507
26.265,0.00117018
26.274,0.00127663
26.285,0.00130894
26.298,0.00139021
26.312,0.00148657
26.319,0.00154407
26.325,0.00166100
26.335,0.00179828
26.346,0.00186019
26.355,0.00197037
26.365,0.00206768
26.375,0.00212626
26.391,0.00226642
26.398,0.00234751
26.407,0.00243927
26.416,0.00255070
26.424,0.00261638
26.435,0.00271576
26.445,0.00274999
26.455,0.00285193
26.466,0.00291893
26.475,0.00300587
26.486,0.00311438
26.496,0.00312939
26.504,0.00324684
26.515,0.00332563
26.524,0.00337523
26.535,0.00348444
26.545,0.00357487
26.555,0.00366384
26.566,0.00376173
26.575,0.00383525
26.584,0.00389115
26.595,0.00396729
26.605,0.00399730
26.615,0.00409091
26.624,0.00418306
26.635,0.00422520
26.645,0.00434019
26.658,0.00444648
26.670,0.00447286
26.679,0.00453385
26.684,0.00463338
26.696,0.00470867
26.705,0.00483869
26.715,0.00495187
26.726,0.00497707
26.735,0.00511336
26.744,0.00517323
26.754,0.00519775
26.765,0.00533331
26.775,0.00532856
26.785,0.00537902
26.795,0.00551798
26.805,0.00554022
26.815,0.00561940
26.825,0.00571947
26.834,0.00569112
26.844,0.00580541
26.854,0.00588649
26.864,0.00592106
26.875,0.00602118
26.885,0.00614316
26.895,0.00618037
26.906,0.00630258
26.916,0.00633042
26.924,0.00635973
26.934,0.00646783
26.945,0.00647230
26.955,0.00655028
26.965,0.00665987
26.975,0.00670764
26.986,0.00679605
26.996,0.00690292
27.006,0.00688170
27.014,0.00697284
27.026,0.00704271
27.035,0.00706108
27.045,0.00717809
27.055,0.00722403
27.064,0.00725427
27.075,0.00733680
27.084,0.00741683
27.094,0.00748664
27.105,0.00759008
27.115,0.00766246
27.125,0.00771714
27.135,0.00778385
27.145,0.00778939
27.156,0.00784905
27.165,0.00791167
27.174,0.00794872
27.184,0.00805348
27.194,0.00808946
27.204,0.00812666
27.215,0.00821195
27.225,0.00826208
27.235,0.00833145
27.246,0.00842605
27.255,0.00847859
27.264,0.00857003
27.274,0.00864675
27.284,0.00867328
27.295,0.00876689
27.305,0.00881973
27.315,0.00884495
27.325,0.00894950
27.334,0.00898660
27.346,0.00902696
27.354,0.00907506
27.364,0.00910007
27.374,0.00915620
27.384,0.00920875
27.395,0.00925754
27.406,0.00938463
27.415,0.00944938
27.426,0.00951339
27.434,0.00960720
27.445,0.00966399
27.454,0.00974660
27.465,0.00979225
27.475,0.00983630
27.485,0.00986860
27.495,0.00994478
27.505,0.00999928
27.515,0.01007874
27.526,0.01014297
27.535,0.01019817
27.545,0.01028763
27.554,0.01032217
27.565,0.01040094
27.575,0.01044699
27.585,0.01047167
27.595,0.01054471
27.604,0.01058824
27.615,0.01067685
27.624,0.01076199
27.634,0.01083141
27.645,0.01088370
27.655,0.01093157
27.665,0.01098820
27.675,0.01107221
27.685,0.01113240
27.694,0.01117332
27.705,0.01124813
27.714,0.01133373
27.724,0.01141154
27.735,0.01145395
27.745,0.01151334
27.755,0.01157921
27.765,0.01165828
27.774,0.01169492
27.786,0.01175518
27.794,0.01179417
27.805,0.01185081
27.815,0.01193693
27.824,0.01199679
27.835,0.01207242
27.844,0.01214021
27.854,0.01217775
27.865,0.01222311
27.874,0.01228134
27.885,0.01234332
27.896,0.01239241
27.905,0.01246780
27.914,0.01253046
27.925,0.01258494
27.936,0.01263179
27.946,0.01269472
27.956,0.01276412
27.966,0.01284002
27.974,0.01292638
27.986,0.01298018
27.995,0.01304835
28.005,0.01313209
28.015,0.01315658
28.025,0.01319977
28.035,0.01324590
28.046,0.01328945
28.054,0.01335880
28.066,0.01344082
28.075,0.01350129
28.085,0.01356706
28.095,0.01363766
28.105,0.01367814
28.115,0.01373059
28.125,0.01376621
28.134,0.01383329
28.144,0.01393815
28.155,0.01399181
28.164,0.01403563
28.175,0.01409879
28.185,0.01410412
28.196,0.01413576
28.205,0.01420810
28.214,0.01425641
28.225,0.01429031
28.235,0.01438082
28.245,0.01439043
28.255,0.01450847
28.265,0.01455093
28.278,0.01458859
28.293,0.01469533
28.302,0.01472183
28.309,0.01476841
28.316,0.01485297
28.325,0.01486992
28.335,0.01491984
28.345,0.01497046
28.355,0.01497378
28.365,0.01505009
28.375,0.01511207
28.385,0.01519180
28.394,0.01527883
28.406,0.01533885
28.415,0.01540765
28.429,0.01546755
28.441,0.01550668
28.446,0.01555028
28.456,0.01562007
28.465,0.01564186
28.476,0.01569523
28.486,0.01576554
28.496,0.01578053
28.505,0.01587527
28.514,0.01589355
28.525,0.01592594
28.535,0.01600248
28.546,0.01605325
28.555,0.01608892
28.564,0.01615073
28.574,0.01619293
28.585,0.01626460
28.595,0.01633067
28.604,0.01638215
28.615,0.01641377
28.625,0.01647016
28.634,0.01651247
28.645,0.01652895
28.655,0.01660049
28.665,0.01664908
28.675,0.01670986
28.685,0.01681018
28.695,0.01686631
28.705,0.01692272
28.715,0.01697329
28.726,0.01700710
28.736,0.01707534
28.745,0.01713063
28.755,0.01717916
28.765,0.01727739
28.775,0.01733615
28.787,0.01737059
28.799,0.01741673
28.808,0.01742917
28.816,0.01746973
28.826,0.01753093
28.834,0.01757801
28.844,0.01765791
28.855,0.01778011
28.865,0.01784877
28.875,0.01789599
28.885,0.01793150
28.895,0.01793452
28.906,0.01798323
28.915,0.01806550
28.925,0.01813496
28.934,0.01820917
28.945,0.01827030
28.954,0.01831638
28.965,0.01834947
28.975,0.01837013
28.985,0.01841186
28.994,0.01847734
29.004,0.01855261
29.014,0.01860823
29.025,0.01870011
29.035,0.01874913
29.045,0.01880438
29.057,0.01883680
29.071,0.01886237
29.078,0.01892434
29.086,0.01896432
29.094,0.01903954
29.104,0.01909132
29.115,0.01914852
29.125,0.01921305
29.135,0.01923577
29.145,0.01929857
29.154,0.01935750
29.165,0.01940550
29.174,0.01946426
29.185,0.01954792
29.195,0.01959436
29.206,0.01966178
29.217,0.01973943
29.225,0.01978523
29.236,0.01982559
29.245,0.01988163
29.255,0.01991242
29.266,0.01997978
29.275,0.02002097
29.285,0.02007256
29.295,0.02011721
29.305,0.02015956
29.315,0.02021984
29.325,0.02027121
29.334,0.02034507
29.344,0.02042827
29.355,0.02050694
29.364,0.02057668
29.375,0.02062884
29.385,0.02068248
29.395,0.02074175
29.406,0.02078299
29.416,0.02083884
29.426,0.02086376
29.435,0.02092898
29.445,0.02098673
29.455,0.02100999
29.465,0.02103875
29.475,0.02108298
29.485,0.02113981
29.494,0.02120152
29.506,0.02125284
29.515,0.02133272
29.525,0.02139880
29.534,0.02146204
29.544,0.02148055
29.555,0.02152115
29.566,0.02157968
29.578,0.02162843
29.592,0.02169652
29.602,0.02179074
29.610,0.02181997
29.614,0.02186341
29.625,0.02188151
29.635,0.02191539
29.645,0.02198082
29.655,0.02202377
29.665,0.02209250
29.676,0.02218737
29.686,0.02222961
29.694,0.02229705
29.704,0.02234946
29.715,0.02237233
29.725,0.02239034
29.735,0.02246934
29.745,0.02252968
29.754,0.02262239
29.764,0.02268907
29.775,0.02271693
29.785,0.02277043
29.795,0.02277224
29.804,0.02279807
29.815,0.02289640
29.826,0.02294357
29.836,0.02301445
29.844,0.02307685
29.855,0.02308927
29.864,0.02314957
29.875,0.02318401
29.885,0.02324194
29.894,0.02331755
29.905,0.02337513
29.916,0.02339706
29.925,0.02345186
29.934,0.02350622
29.944,0.02352707
29.955,0.02360886
29.965,0.02365809
29.975,0.02373174
29.985,0.02379761
29.995,0.02385729
30.006,0.02392623
30.014,0.02401628
30.026,0.02405109
30.035,0.02407648
30.044,0.02415929
30.055,0.02418825
30.064,0.02423569
30.075,0.02430210
30.086,0.02431588
30.095,0.02439755
30.104,0.02442158
30.115,0.02443371
30.124,0.02450141
30.135,0.02455196
30.144,0.02463903
30.155,0.02474434
30.165,0.02475321
30.175,0.02484563
30.185,0.02489355
30.194,0.02491477
30.205,0.02500567
30.215,0.02499749
30.225,0.02503668
30.234,0.02511983
30.245,0.02508673
30.255,0.02512939
30.265,0.02518105
30.276,0.02516970
30.286,0.02524706
30.294,0.02531291
30.305,0.02537872
30.314,0.02547678
30.327,0.02555490
30.335,0.02555898
30.345,0.02560824
30.354,0.02563673
30.366,0.02565267
30.374,0.02570943
30.386,0.02576359
30.395,0.02580846
30.405,0.02586590
30.415,0.02589396
30.426,0.02590305
30.437,0.02593964
30.450,0.02595156
30.458,0.02600109
30.465,0.02604894
30.474,0.02608840
30.485,0.02614342
30.495,0.02619965
30.505,0.02617972
30.518,0.02623748
30.530,0.02629497
30.536,0.02631573
30.544,0.02641429
30.554,0.02640737
30.564,0.02643634
30.575,0.02645787
30.585,0.02638121
30.597,0.02639519
30.609,0.02643735
30.626,0.02657021
30.634,0.02661409
30.644,0.02665146
30.655,0.02672088
30.665,0.02668125
30.674,0.02666397
30.686,0.02671587
30.696,0.02667442
30.705,0.02676002
30.714,0.02684870
30.725,0.02685368
30.735,0.02692911
30.745,0.02695381
30.755,0.02688373
30.765,0.02697081
30.774,0.02692369
30.785,0.02692076
30.794,0.02702092
30.804,0.02700307
30.814,0.02705374
30.825,0.02711879
30.835,0.02707601
30.845,0.02713084
30.856,0.02713126
30.866,0.02710201
30.874,0.02717541
30.886,0.02717157
30.895,0.02718787
30.904,0.02731177
30.915,0.02722910
30.925,0.02724339
30.935,0.02727825
30.945,0.02723172
30.955,0.02728908
30.966,0.02732874
30.974,0.02729202
30.984,0.02734747
30.995,0.02728191
31.004,0.02724001
31.014,0.02726022
31.025,0.02723913
31.034,0.02728501
31.045,0.02738134
31.056,0.02729460
31.065,0.02727890
31.074,0.02729641
31.085,0.02719016
31.095,0.02718675
31.105,0.02724191
31.115,0.02717324
31.125,0.02723400
31.134,0.02727984
31.146,0.02721552
31.156,0.02723799
31.164,0.02713178
31.175,0.02707047
31.185,0.02709490
31.205,0.02711710
31.216,0.02717503
31.225,0.02709947
31.235,0.02709841
31.245,0.02702841
31.254,0.02691444
31.264,0.02696071
31.275,0.02692962
31.285,0.02692202
31.297,0.02699525
31.310,0.02689327
31.320,0.02685903
31.327,0.02686107
31.334,0.02678620
31.345,0.02682265
31.355,0.02681678
31.365,0.02684138
31.375,0.02688782
31.385,0.02679780
31.394,0.02675581
31.406,0.02672389
31.414,0.02663906
31.424,0.02660137
31.434,0.02657674
31.445,0.02652224
31.455,0.02651723
31.465,0.02642909
31.475,0.02637058
31.485,0.02631228
31.495,0.02623340
31.504,0.02620517
31.515,0.02619716
31.524,0.02620068
31.535,0.02621816
31.546,0.02610512
31.555,0.02606245
31.566,0.02600696
31.574,0.02594287
31.585,0.02594838
31.594,0.02594252
31.605,0.02591532
31.614,0.02594680
31.625,0.02586620
31.635,0.02579054
31.645,0.02576882
31.654,0.02565561
31.664,0.02560719
31.675,0.02559404
31.686,0.02546944
31.695,0.02545656
31.705,0.02541773
31.715,0.02528144
31.725,0.02526364
31.736,0.02519402
31.746,0.02511660
31.754,0.02514876
31.765,0.02505504
31.774,0.02500208
31.785,0.02499254
31.794,0.02483372
31.805,0.02480493
31.816,0.02481190
31.825,0.02471266
31.834,0.02472028
31.844,0.02464517
31.855,0.02451856
31.864,0.02456803
31.875,0.02439551
31.885,0.02430917
31.897,0.02436640
31.906,0.02420342
31.914,0.02419202
31.924,0.02418148
31.936,0.02402036
31.945,0.02396327
31.955,0.02389555
31.976,0.02370097
31.985,0.02362285
31.996,0.02355755
32.006,0.02355740
32.015,0.02344862
32.124,0.02236359
32.135,0.02227310
32.145,0.02226016
32.155,0.02212193
32.165,0.02211303
32.176,0.02203621
32.184,0.02188386
32.195,0.02185619
32.206,0.02170791
32.214,0.02157713
32.225,0.02154582
32.236,0.02142926
32.245,0.02132089
32.257,0.02126561
32.270,0.02102852
32.278,0.02098089
32.285,0.02088464
32.295,0.02071345
32.305,0.02066411
32.315,0.02056240
32.325,0.02042176
32.336,0.02037352
32.344,0.02020134
32.354,0.02008666
32.364,0.02006321
32.375,0.01989657
32.386,0.01978097
32.394,0.01970066
32.405,0.01951818
32.416,0.01941720
32.426,0.01934779
32.434,0.01914121
32.444,0.01907515
32.454,0.01894706
32.465,0.01878868
32.475,0.01869325
32.486,0.01849271
32.495,0.01838391
32.506,0.01831265
32.514,0.01816622
32.525,0.01803247
32.536,0.01795231
32.545,0.01776871
32.555,0.01770354
32.565,0.01756381
32.575,0.01735663
32.586,0.01733879
32.595,0.01715755
32.605,0.01702858
32.616,0.01698262
32.635,0.01666222
32.645,0.01659108
32.665,0.01623477
32.675,0.01615507
32.696,0.01586370
32.704,0.01580791
32.734,0.01546179
32.795,0.01453718
32.806,0.01437581
32.815,0.01434930
32.825,0.01413394
32.835,0.01397498
32.845,0.01394421
32.855,0.01369514
32.865,0.01359379
32.874,0.01353942
32.885,0.01328664
32.895,0.01322452
32.904,0.01318790
32.915,0.01294560
32.925,0.01292230
32.935,0.01275899
33.005,0.01174855
33.015,0.01171393
33.036,0.01130676
33.045,0.01120603
33.064,0.01082833
33.085,0.01047589
33.095,0.01041752
33.105,0.01030296
33.114,0.01009763
33.125,0.01007898
33.134,0.00990187
33.155,0.00969742
33.173,0.00932678
33.195,0.00899146
33.205,0.00884137
33.215,0.00864061
33.224,0.00845856
33.234,0.00838825
33.245,0.00824735
33.254,0.00808230
33.265,0.00794370
33.274,0.00776124
33.285,0.00763178
33.294,0.00747520
33.306,0.00728894
33.315,0.00725717
33.324,0.00715195
33.345,0.00687287
33.355,0.00670277
33.366,0.00646512
33.376,0.00630036
33.386,0.00612597
33.405,0.00591671
33.415,0.00578321
33.425,0.00565190
33.435,0.00556581
33.446,0.00534868
33.454,0.00517902
33.464,0.00502816
33.474,0.00481287
33.485,0.00474370
33.495,0.00466629
33.505,0.00448926
33.515,0.00441199
33.525,0.00425979
33.535,0.00408798
33.545,0.00390111
33.556,0.00376444
33.564,0.00360772
33.574,0.00349368
33.585,0.00335207
33.595,0.00323517
33.605,0.00307314
33.615,0.00286205
33.625,0.00271864
33.636,0.00254837
33.645,0.00237631
33.655,0.00234466
33.664,0.00218657
33.675,0.00202562
33.685,0.00191501
33.695,0.00172157
33.705,0.00157359
33.714,0.00144676
33.724,0.00131677
33.735,0.00122215
33.744,0.00109352
33.754,0.00094307
33.765,0.00080583
33.774,0.00059587
33.785,0.00047996
33.795,0.00033306
33.805,0.00019904
33.814,0.00009478
33.824,-0.00008236
33.835,-0.00022618
33.845,-0.00037949
33.855,-0.00055093
33.865,-0.00069564
33.875,-0.00083537
33.885,-0.00091399
33.896,-0.00105017
33.914,-0.00131703
33.925,-0.00145715
33.934,-0.00164798
33.945,-0.00175034
33.955,-0.00191264
33.966,-0.00206800
33.976,-0.00219253
33.994,-0.00255979
34.105,-0.00408174
34.115,-0.00419401
34.136,-0.00447682
34.146,-0.00463109
34.156,-0.00480477
34.165,-0.00493719
34.174,-0.00510136
34.185,-0.00524583
34.195,-0.00538767
34.215,-0.00565761
34.225,-0.00580476
34.234,-0.00594302
34.245,-0.00610420
34.254,-0.00626024
34.266,-0.00639951
34.276,-0.00655545
34.295,-0.00686043
34.305,-0.00702538
34.315,-0.00715672
34.324,-0.00732622
34.334,-0.00746612
34.345,-0.00760978
34.355,-0.00776345
34.365,-0.00786589
34.375,-0.00799307
34.386,-0.00812453
34.395,-0.00824532
34.405,-0.00837882
34.415,-0.00854790
34.424,-0.00865982
34.434,-0.00880099
34.445,-0.00896367
34.455,-0.00912591
34.464,-0.00925300
34.475,-0.00940037
34.485,-0.00953120
34.494,-0.00967803
34.505,-0.00981826
34.514,-0.00993079
34.525,-0.01011312
34.535,-0.01022303
34.555,-0.01051343
34.565,-0.01064287
34.574,-0.01076991
34.585,-0.01090416
34.594,-0.01101526
34.607,-0.01112199
34.621,-0.01126832
37.625,-0.02108734
37.655,-0.02105272
37.666,-0.02095924
37.675,-0.02088868
38.114,-0.01990293
38.126,-0.01984165
38.155,-0.01972356
38.165,-0.01967308
38.178,-0.01969522
38.190,-0.01966849
38.199,-0.01959896
38.204,-0.01959448
38.214,-0.01953631
38.234,-0.01942003
38.245,-0.01936608
38.267,-0.01932593
38.279,-0.01922907
38.290,-0.01915286
38.297,-0.01913366
38.304,-0.01901730
38.314,-0.01900533
38.325,-0.01901381
38.334,-0.01886095
38.345,-0.01885219
38.355,-0.01877920
38.364,-0.01865074
38.374,-0.01866108
38.384,-0.01850791
38.394,-0.01841140
38.405,-0.01844931
38.414,-0.01829611
38.425,-0.01827694
38.435,-0.01827020
38.445,-0.01810836
38.454,-0.01807360
38.465,-0.01800495
38.474,-0.01782417
38.485,-0.01782154
38.495,-0.01774153
38.505,-0.01766073
38.515,-0.01765102
38.525,-0.01751048
38.535,-0.01740038
38.546,-0.01732702
38.709,-0.01572539
38.740,-0.01539053
38.755,-0.01519510
38.775,-0.01500012
38.785,-0.01481391
38.796,-0.01474840
38.806,-0.01457972
38.814,-0.01444286
38.829,-0.01441081
38.838,-0.01425060
38.845,-0.01415051
38.854,-0.01400040
38.865,-0.01376901
38.876,-0.01367456
38.886,-0.01356516
38.904,-0.01336738
38.914,-0.01325942
38.924,-0.01314829
38.935,-0.01301639
38.945,-0.01286437
38.955,-0.01268947
38.965,-0.01256631
38.976,-0.01244897
38.985,-0.01230173
38.994,-0.01220464
39.005,-0.01207189
39.015,-0.01189575
39.024,-0.01168630
39.037,-0.01160194
39.049,-0.01135568
39.058,-0.01126244
39.065,-0.01111771
39.075,-0.01100672
39.086,-0.01093951
39.094,-0.01082694
39.104,-0.01063334
39.114,-0.01050616
39.126,-0.01036326
39.146,-0.01015340
40.526,0.01052830
40.534,0.01070589
40.545,0.01088328
40.866,0.01662766
40.876,0.01680425
40.884,0.01694940
40.895,0.01713302
40.925,0.01767773
40.935,0.01786486
40.946,0.01800754
40.954,0.01819742
40.964,0.01834310
40.975,0.01849578
40.985,0.01873096
40.995,0.01885305
41.005,0.01902285
41.015,0.01923462
41.025,0.01941185
41.034,0.01961875
41.046,0.01979189
41.056,0.01995334
41.065,0.02012384
41.079,0.02031294
41.092,0.02045881
41.099,0.02063544
41.105,0.02083968
41.115,0.02102117
41.124,0.02117705
41.145,0.02148972
41.154,0.02161712
41.165,0.02175188
41.174,0.02191848
41.185,0.02203721
41.198,0.02221295
41.209,0.02237252
41.219,0.02253253
41.225,0.02272687
41.234,0.02293426
41.245,0.02313627
41.255,0.02330006
41.265,0.02342679
41.275,0.02355410
41.284,0.02367972
41.297,0.02381078
41.308,0.02398602
41.321,0.02412310
41.335,0.02442091
41.345,0.02461425
41.355,0.02470782
41.364,0.02481794
41.375,0.02497452
41.384,0.02509420
41.395,0.02527615
41.406,0.02544266
41.415,0.02560122
41.486,0.02648043
41.495,0.02662546
41.565,0.02737281
41.594,0.02766796
41.604,0.02777616
41.615,0.02790901
41.665,0.02841553
41.675,0.02852914
41.695,0.02874437
41.706,0.02882137
41.714,0.02891587
43.765,0.01081617
44.964,-0.02324872
44.975,-0.02347318
45.035,-0.02496958
46.275,-0.03621508
46.355,-0.03549374
46.365,-0.03539123
46.405,-0.03491043
48.225,0.01578350
